町丁目,世帯数[世帯],男[人],女[人],総数[人]
両国一丁目,1069,807,818,1625
両国二丁目,1336,1031,1053,2084
両国三丁目,1350,982,1005,1987
両国四丁目,1392,1094,1087,2181
千歳一丁目,1003,810,862,1672
千歳二丁目,657,543,524,1067
千歳三丁目,1527,1256,1222,2478
緑一丁目,2060,1697,1611,3308
緑二丁目,1809,1668,1727,3395
緑三丁目,1696,1468,1481,2949
緑四丁目,2973,2487,2306,4793
立川一丁目,925,647,709,1356
立川二丁目,906,715,701,1416
立川三丁目,1099,862,929,1791
立川四丁目,1082,810,814,1624
菊川一丁目,1115,868,964,1832
菊川二丁目,1489,1117,1257,2374
菊川三丁目,2239,1880,1973,3853
江東橋一丁目,1043,783,766,1549
江東橋二丁目,1468,1172,1134,2306
江東橋三丁目,609,448,305,753
江東橋四丁目,1716,1233,1253,2486
江東橋五丁目,1742,1501,1556,3057
横網一丁目,141,159,152,311
横網二丁目,697,585,581,1166
亀沢一丁目,1251,1038,1069,2107
亀沢二丁目,1041,886,1026,1912
亀沢三丁目,1139,1110,1090,2200
亀沢四丁目,1549,1366,1361,2727
石原一丁目,1687,1318,1353,2671
石原二丁目,1474,1263,1281,2544
石原三丁目,1744,1539,1405,2944
石原四丁目,1665,1501,1502,3003
本所一丁目,1680,1464,1508,2972
本所二丁目,935,766,839,1605
本所三丁目,1078,887,949,1836
本所四丁目,1517,1283,1271,2554
東駒形一丁目,905,691,707,1398
東駒形二丁目,838,736,758,1494
東駒形三丁目,954,764,774,1538
東駒形四丁目,1496,1194,1264,2458
吾妻橋一丁目,1364,1048,1128,2176
吾妻橋二丁目,969,713,774,1487
吾妻橋三丁目,868,795,841,1636
錦糸一丁目,1433,1057,1017,2074
錦糸二丁目,469,354,330,684
錦糸三丁目,469,376,317,693
錦糸四丁目,1009,900,901,1801
太平一丁目,1986,1835,1794,3629
太平二丁目,957,768,660,1428
太平三丁目,932,726,710,1436
太平四丁目,2702,2359,2454,4813
横川一丁目,832,841,765,1606
横川二丁目,979,823,726,1549
横川三丁目,719,611,583,1194
横川四丁目,768,656,608,1264
横川五丁目,1452,1233,1609,2842
業平一丁目,1589,1396,1595,2991
業平二丁目,839,704,615,1319
業平三丁目,872,670,700,1370
業平四丁目,1257,946,1020,1966
業平五丁目,1216,1094,1222,2316
向島一丁目,1460,1182,1192,2374
向島二丁目,1569,1286,1398,2684
向島三丁目,2777,2358,2349,4707
向島四丁目,1358,1273,1330,2603
向島五丁目,2626,2167,2173,4340
東向島一丁目,1805,1589,1565,3154
東向島二丁目,2845,2388,2618,5006
東向島三丁目,1737,1663,1760,3423
東向島四丁目,2026,1729,1799,3528
東向島五丁目,2223,1869,2039,3908
東向島六丁目,3012,2746,2754,5500
堤通一丁目,1125,1194,1122,2316
堤通二丁目,2075,1806,2350,4156
墨田一丁目,1423,1481,1656,3137
墨田二丁目,2054,1949,1949,3898
墨田三丁目,2040,1843,1848,3691
墨田四丁目,2448,2329,2415,4744
墨田五丁目,1560,1393,1396,2789
押上一丁目,1346,1064,1140,2204
押上二丁目,2009,1760,1908,3668
押上三丁目,2364,2196,2222,4418
京島一丁目,3614,3400,3715,7115
京島二丁目,1002,959,841,1800
京島三丁目,2296,2131,2042,4173
文花一丁目,2978,2533,3042,5575
文花二丁目,1332,1158,1245,2403
文花三丁目,1217,1342,1327,2669
八広一丁目,1898,1769,1645,3414
八広二丁目,2266,2204,2095,4299
八広三丁目,1897,1836,1740,3576
八広四丁目,2424,2305,2235,4540
八広五丁目,1622,1460,1483,2943
八広六丁目,2145,2091,2021,4112
立花一丁目,3433,2944,3151,6095
立花二丁目,881,806,793,1599
立花三丁目,1676,1506,1506,3012
立花四丁目,1908,1862,1815,3677
立花五丁目,2032,2249,2186,4435
立花六丁目,1214,1114,1250,2364
東墨田一丁目,79,81,65,146
東墨田二丁目,809,727,692,1419
東墨田三丁目,405,424,398,822
.71404町丁目,世帯数[世帯],男[人],女[人],総数[人]
両国一丁目,1080,820,818,1638
両国二丁目,1345,1040,1058,2098
両国三丁目,1335,969,1002,1971
両国四丁目,1369,1084,1075,2159
千歳一丁目,996,808,857,1665
千歳二丁目,651,535,527,1062
千歳三丁目,1523,1255,1214,2469
緑一丁目,2057,1700,1616,3316
緑二丁目,1811,1668,1725,3393
緑三丁目,1700,1471,1487,2958
緑四丁目,2977,2492,2305,4797
立川一丁目,925,646,712,1358
立川二丁目,908,722,703,1425
立川三丁目,1105,874,934,1808
立川四丁目,1075,805,811,1616
菊川一丁目,1110,866,962,1828
菊川二丁目,1484,1109,1259,2368
菊川三丁目,2228,1875,1968,3843
江東橋一丁目,1037,782,760,1542
江東橋二丁目,1462,1166,1135,2301
江東橋三丁目,614,450,312,762
江東橋四丁目,1720,1229,1264,2493
江東橋五丁目,1749,1517,1553,3070
横網一丁目,140,159,148,307
横網二丁目,697,588,576,1164
亀沢一丁目,1252,1040,1065,2105
亀沢二丁目,1038,883,1027,1910
亀沢三丁目,1124,1110,1080,2190
亀沢四丁目,1532,1359,1357,2716
石原一丁目,1675,1313,1348,2661
石原二丁目,1471,1268,1288,2556
石原三丁目,1743,1537,1403,2940
石原四丁目,1664,1502,1501,3003
本所一丁目,1655,1451,1491,2942
本所二丁目,935,773,844,1617
本所三丁目,1063,881,937,1818
本所四丁目,1509,1276,1271,2547
東駒形一丁目,906,692,709,1401
東駒形二丁目,856,751,768,1519
東駒形三丁目,964,773,776,1549
東駒形四丁目,1483,1189,1249,2438
吾妻橋一丁目,1356,1047,1123,2170
吾妻橋二丁目,964,710,778,1488
吾妻橋三丁目,868,789,844,1633
錦糸一丁目,1439,1061,1029,2090
錦糸二丁目,467,356,333,689
錦糸三丁目,466,373,315,688
錦糸四丁目,1015,902,904,1806
太平一丁目,2000,1844,1815,3659
太平二丁目,954,770,654,1424
太平三丁目,925,722,707,1429
太平四丁目,2696,2361,2454,4815
横川一丁目,831,844,763,1607
横川二丁目,979,825,726,1551
横川三丁目,722,612,587,1199
横川四丁目,777,665,608,1273
横川五丁目,1453,1234,1610,2844
業平一丁目,1575,1387,1588,2975
業平二丁目,831,694,617,1311
業平三丁目,873,672,699,1371
業平四丁目,1250,950,1024,1974
業平五丁目,1215,1099,1223,2322
向島一丁目,1455,1177,1192,2369
向島二丁目,1576,1289,1402,2691
向島三丁目,2774,2358,2348,4706
向島四丁目,1352,1267,1333,2600
向島五丁目,2618,2163,2162,4325
東向島一丁目,1808,1594,1569,3163
東向島二丁目,2856,2396,2626,5022
東向島三丁目,1739,1669,1766,3435
東向島四丁目,2030,1734,1790,3524
東向島五丁目,2223,1873,2038,3911
東向島六丁目,3017,2742,2762,5504
堤通一丁目,1130,1201,1126,2327
堤通二丁目,2082,1814,2354,4168
墨田一丁目,1423,1478,1649,3127
墨田二丁目,2060,1955,1962,3917
墨田三丁目,2038,1839,1850,3689
墨田四丁目,2443,2320,2412,4732
墨田五丁目,1559,1395,1398,2793
押上一丁目,1342,1059,1140,2199
押上二丁目,2001,1751,1903,3654
押上三丁目,2363,2198,2219,4417
京島一丁目,3609,3393,3712,7105
京島二丁目,999,952,840,1792
京島三丁目,2291,2128,2038,4166
文花一丁目,2979,2537,3043,5580
文花二丁目,1322,1155,1238,2393
文花三丁目,1211,1339,1320,2659
八広一丁目,1893,1759,1646,3405
八広二丁目,2263,2196,2087,4283
八広三丁目,1891,1836,1737,3573
八広四丁目,2432,2314,2248,4562
八広五丁目,1621,1456,1478,2934
八広六丁目,2156,2097,2033,4130
立花一丁目,3447,2957,3173,6130
立花二丁目,877,803,797,1600
立花三丁目,1651,1493,1495,2988
立花四丁目,1897,1858,1809,3667
立花五丁目,2045,2252,2191,4443
立花六丁目,1214,1110,1243,2353
東墨田一丁目,83,87,65,152
東墨田二丁目,800,723,687,1410
東墨田三丁目,405,428,399,827
ﾟ疝鞆wﾚ�+ﾄﾂ�:-XKt}ﾗ検「�幻梛兮_ｺ�ﾅ3��ｧﾍp鴫廐&3犒?)Cy|銘�I3ﾃ<_.�^ﾀｮf俎�ﾟ髙L.�oﾝﾑ�lｾﾟ榁�68ﾔEfﾘ7�ne�'>K樒��z��+���ｵ=ｧh祇ｹKﾟﾙｧ淼-M坐�ｴ5ﾟｽｼ挌pL[ﾇ�a_^Gﾎ#Sﾒ�8ｭvｧ|KYGﾚ��ｮO#_G�･ﾑｧ�ｩKR_懶撓xｳ4ﾅ~� �滷|>�p�4�C薙3Vﾟ�5蓖tH#ｯ�ﾛ78桴ﾑ蜀惧ｼp=ｱ3炯�/B憐;Yh享J瘍弱~ﾗ�5油cy�:m笨dQJ�+ ﾗ)�ﾃ[ｩ)nｧﾓ�zz4躔)�ｻ8wΠ鮟�+･爰;ﾟ�)蓁v礑Zｷﾛ壊､ﾐ羚癡､t�v0m�a75歙cWSｿ�>ﾁ�+､X7h}F�18Zk硴Z曦鍾�独驎Bﾜ‡饉ﾉ-Lﾃwｷr.蹟1i�_ｹ]z0鋼�
?!M�oｯ_�郭ｷ4z漱箪�\\牾ﾐｧ}ｱ亶垣�}ﾙ7dﾈ)ｹMｼ衣u嶮紊6皛｢}#�ｲ乞ｻ◇��(窩ﾐ�ｺｿ&Mﾛ�>ｿｿ･ﾑWwｰ梺ﾋ;�5?竏ﾖzﾜ�!z屡oOｳoMﾎrﾜ輜ﾞ啜�1ﾄ�1ﾜﾇ佝障�ｳ%i�'L#ﾜﾏ8†�7?Aｿ轜ｴｯh�cﾈ#HC?燼�qﾍTyｸﾇ･洄wﾘyﾉﾇｽﾄYRﾌ�>ﾉ'ﾟs渮懊ﾁｱ~1=惧��廉T水S獰	ﾛｸ渤ﾚ觴媼ﾐS_ｷ?N~脣ik�>ﾅｾ;�O9?-ﾌｲ�'}�1Y�南ΥIﾎiﾔﾟI�        �2Kﾆ " �1 ], [ 139.75553534582713, 35.588031824724034 ], [ 139.75553302570106, 35.58803470766015 ], [ 139.7555332381157, 35.588043270959822 ], [ 139.75553202139542, 35.588046244746685 ], [ 139.75553091354195, 35.588050750959233 ], [ 139.75552947350664, 35.588056428758513 ] ], [ [ 139.7556326712357, 35.589976265927504 ], [ 139.75562825724342, 35.58997617294331 ], [ 139.75562505964893, 35.589973466726008 ], [ 139.75562152925662, 35.589972563064535 ], [ 139.75561788764128, 35.589972560716483 ], [ 139.75561512884181, 35.589972558937589 ], [ 139.75561258874257, 35.589974630485706 ], [ 139.75560806283019, 35.589976159922045 ], [ 139.75560519725073, 35.589972462394556 ], [ 139.75560751638477, 35.589970661119658 ], [ 139.75561413915861, 35.589968952758433 ], [ 139.75561403272681, 35.589964896456202 ], [ 1