町丁目,世帯数[世帯],男[人],女[人],総数[人]
両国一丁目,905,703,724,1427
両国二丁目,1228,1018,979,1997
両国三丁目,1198,865,953,1818
両国四丁目,1196,957,956,1913
千歳一丁目,882,749,760,1509
千歳二丁目,596,517,451,968
千歳三丁目,1219,972,1006,1978
緑一丁目,1691,1493,1355,2848
緑二丁目,1710,1621,1692,3313
緑三丁目,1402,1315,1215,2530
緑四丁目,2441,2060,1949,4009
立川一丁目,802,607,616,1223
立川二丁目,838,687,660,1347
立川三丁目,976,809,828,1637
立川四丁目,857,699,620,1319
菊川一丁目,841,757,803,1560
菊川二丁目,1331,1053,1154,2207
菊川三丁目,2074,1775,1892,3667
江東橋一丁目,929,710,729,1439
江東橋二丁目,1360,1157,1078,2235
江東橋三丁目,567,397,345,742
江東橋四丁目,1745,1229,1374,2603
江東橋五丁目,1621,1454,1504,2958
横網一丁目,131,153,141,294
横網二丁目,712,593,588,1181
亀沢一丁目,1183,1017,1025,2042
亀沢二丁目,908,797,907,1704
亀沢三丁目,973,993,914,1907
亀沢四丁目,1410,1264,1241,2505
石原一丁目,1497,1241,1268,2509
石原二丁目,1296,1177,1168,2345
石原三丁目,1637,1513,1302,2815
石原四丁目,1428,1358,1276,2634
本所一丁目,1514,1438,1412,2850
本所二丁目,891,810,840,1650
本所三丁目,1011,909,939,1848
本所四丁目,1234,1141,1120,2261
東駒形一丁目,776,620,629,1249
東駒形二丁目,873,799,769,1568
東駒形三丁目,846,749,726,1475
東駒形四丁目,1398,1226,1192,2418
吾妻橋一丁目,1277,997,1079,2076
吾妻橋二丁目,861,683,692,1375
吾妻橋三丁目,848,796,851,1647
錦糸一丁目,1289,974,962,1936
錦糸二丁目,450,364,337,701
錦糸三丁目,478,376,372,748
錦糸四丁目,986,873,899,1772
太平一丁目,1794,1717,1701,3418
太平二丁目,971,784,712,1496
太平三丁目,779,634,625,1259
太平四丁目,2558,2322,2473,4795
横川一丁目,757,828,715,1543
横川二丁目,872,746,644,1390
横川三丁目,646,589,543,1132
横川四丁目,761,677,633,1310
横川五丁目,1367,1226,1542,2768
業平一丁目,1499,1414,1555,2969
業平二丁目,813,697,638,1335
業平三丁目,867,673,692,1365
業平四丁目,1119,923,988,1911
業平五丁目,1159,1080,1185,2265
向島一丁目,1261,1095,1038,2133
向島二丁目,1388,1222,1266,2488
向島三丁目,2147,1890,1844,3734
向島四丁目,1315,1294,1326,2620
向島五丁目,2353,2070,2008,4078
東向島一丁目,1636,1503,1498,3001
東向島二丁目,2718,2413,2520,4933
東向島三丁目,1628,1602,1700,3302
東向島四丁目,1891,1708,1752,3460
東向島五丁目,2045,1853,1984,3837
東向島六丁目,2794,2651,2667,5318
堤通一丁目,1140,1258,1159,2417
堤通二丁目,2084,1958,2427,4385
墨田一丁目,1255,1391,1511,2902
墨田二丁目,2011,2016,1934,3950
墨田三丁目,1892,1850,1815,3665
墨田四丁目,2472,2354,2520,4874
墨田五丁目,1510,1435,1390,2825
押上一丁目,1294,1061,1169,2230
押上二丁目,2072,1887,2013,3900
押上三丁目,2242,2182,2064,4246
京島一丁目,3497,3323,3544,6867
京島二丁目,1007,973,869,1842
京島三丁目,2365,2203,2142,4345
文花一丁目,2928,2598,3162,5760
文花二丁目,1159,1108,1120,2228
文花三丁目,1188,1359,1366,2725
八広一丁目,1756,1716,1611,3327
八広二丁目,2031,2089,2047,4136
八広三丁目,1762,1734,1688,3422
八広四丁目,2025,2078,1970,4048
八広五丁目,1542,1466,1461,2927
八広六丁目,1997,2012,1935,3947
立花一丁目,3344,3052,3195,6247
立花二丁目,872,789,744,1533
立花三丁目,1419,1348,1372,2720
立花四丁目,1800,1864,1807,3671
立花五丁目,1832,2068,2024,4092
立花六丁目,1160,1140,1238,2378
東墨田一丁目,81,92,66,158
東墨田二丁目,667,659,601,1260
東墨田三丁目,414,442,387,829
ｻ忝町丁目,世帯数[世帯],男[人],女[人],総数[人]
両国一丁目,903,703,722,1425
両国二丁目,1241,1027,984,2011
両国三丁目,1186,858,940,1798
両国四丁目,1203,963,960,1923
千歳一丁目,880,745,762,1507
千歳二丁目,595,517,447,964
千歳三丁目,1224,977,1013,1990
緑一丁目,1689,1485,1355,2840
緑二丁目,1704,1621,1684,3305
緑三丁目,1385,1303,1201,2504
緑四丁目,2418,2058,1924,3982
立川一丁目,792,604,609,1213
立川二丁目,836,685,659,1344
立川三丁目,979,815,828,1643
立川四丁目,846,697,609,1306
菊川一丁目,846,759,799,1558
菊川二丁目,1324,1053,1151,2204
菊川三丁目,2084,1777,1898,3675
江東橋一丁目,936,713,736,1449
江東橋二丁目,1354,1156,1070,2226
江東橋三丁目,563,390,344,734
江東橋四丁目,1743,1237,1373,2610
江東橋五丁目,1627,1460,1513,2973
横網一丁目,129,151,140,291
横網二丁目,709,598,577,1175
亀沢一丁目,1181,1021,1023,2044
亀沢二丁目,917,805,911,1716
亀沢三丁目,971,990,915,1905
亀沢四丁目,1409,1261,1238,2499
石原一丁目,1497,1244,1263,2507
石原二丁目,1296,1181,1170,2351
石原三丁目,1642,1509,1302,2811
石原四丁目,1418,1354,1268,2622
本所一丁目,1507,1438,1404,2842
本所二丁目,889,809,846,1655
本所三丁目,1006,908,937,1845
本所四丁目,1237,1143,1121,2264
東駒形一丁目,775,618,628,1246
東駒形二丁目,870,793,770,1563
東駒形三丁目,841,741,730,1471
東駒形四丁目,1397,1227,1193,2420
吾妻橋一丁目,1267,987,1075,2062
吾妻橋二丁目,861,684,692,1376
吾妻橋三丁目,844,786,846,1632
錦糸一丁目,1286,977,957,1934
錦糸二丁目,458,369,338,707
錦糸三丁目,477,373,376,749
錦糸四丁目,991,871,902,1773
太平一丁目,1796,1718,1705,3423
太平二丁目,972,789,713,1502
太平三丁目,783,633,629,1262
太平四丁目,2563,2320,2464,4784
横川一丁目,758,824,712,1536
横川二丁目,872,743,648,1391
横川三丁目,646,590,542,1132
横川四丁目,763,682,631,1313
横川五丁目,1372,1232,1546,2778
業平一丁目,1500,1412,1554,2966
業平二丁目,806,690,641,1331
業平三丁目,861,671,689,1360
業平四丁目,1128,930,987,1917
業平五丁目,1169,1082,1193,2275
向島一丁目,1249,1088,1027,2115
向島二丁目,1387,1221,1262,2483
向島三丁目,2152,1895,1852,3747
向島四丁目,1311,1296,1317,2613
向島五丁目,2342,2061,2006,4067
東向島一丁目,1640,1505,1500,3005
東向島二丁目,2709,2409,2512,4921
東向島三丁目,1625,1605,1704,3309
東向島四丁目,1882,1704,1745,3449
東向島五丁目,2047,1855,1980,3835
東向島六丁目,2784,2643,2661,5304
堤通一丁目,1137,1255,1156,2411
堤通二丁目,2092,1966,2435,4401
墨田一丁目,1257,1393,1509,2902
墨田二丁目,2016,2020,1940,3960
墨田三丁目,1890,1852,1817,3669
墨田四丁目,2464,2352,2520,4872
墨田五丁目,1505,1433,1383,2816
押上一丁目,1292,1061,1172,2233
押上二丁目,2069,1885,2010,3895
押上三丁目,2237,2172,2055,4227
京島一丁目,3468,3302,3519,6821
京島二丁目,1008,974,869,1843
京島三丁目,2371,2211,2150,4361
文花一丁目,2935,2606,3167,5773
文花二丁目,1170,1118,1116,2234
文花三丁目,1189,1358,1365,2723
八広一丁目,1752,1715,1611,3326
八広二丁目,2036,2095,2047,4142
八広三丁目,1760,1736,1687,3423
八広四丁目,2019,2075,1976,4051
八広五丁目,1543,1464,1462,2926
八広六丁目,1999,2022,1937,3959
立花一丁目,3346,3047,3192,6239
立花二丁目,876,795,744,1539
立花三丁目,1424,1347,1376,2723
立花四丁目,1801,1872,1814,3686
立花五丁目,1836,2078,2018,4096
立花六丁目,1162,1143,1244,2387
東墨田一丁目,82,93,66,159
東墨田二丁目,667,657,601,1258
東墨田三丁目,413,445,388,833
228, 35.607966337326673 ], [ 139.75658670381193, 35.60796940125222 ], [ 139.75658670217641, 35.607971113878023 ], [ 139.75658559668781, 35.607972915939051 ], [ 139.75658448689492, 35.607979224910075 ], [ 139.75658216364675, 35.607984812002165 ], [ 139.75658334783262, 35.608016180869093 ], [ 139.75658477007599, 35.60802943209837 ], [ 139.75658001466317, 35.608039073862713 ], [ 139.75658155442852, 35.608044843691737 ], [ 139.7565855219672, 35.60805115589654 ], [ 139.75658562562947, 35.608058186746376 ], [ 139.75658440227343, 35.608067830760383 ], [ 139.75658152180105, 35.608079006069197 ], [ 139.75658328240706, 35.608084685900565 ], [ 139.75658570406927, 35.608091628088481 ], [ 139.75658437326277, 35.608098207333377 ], [ 139.75658226981787, 35.6081        ﾗht� � �76626937 ], [ 139.75669710293687, 35.607945945429535 ], [ 139.75669931648693, 35.607939637159383 ], [ 139.75670097729389, 35.607934229920225 ], [ 139.75670307763031, 35.607930896140438 ], [ 139.75670354225764, 35.607906649244988 ], [ 139.75670852802685, 35.607886912137289 ], [ 139.75671396062802, 35.607861586741492 ], [ 139.75672044169656, 35.607778483388657 ], [ 139.75677584911767, 35.607780141091681 ], [ 139.75677068658689, 35.607753727301954 ], [ 139.75673018154353, 35.607750456582302 ], [ 139.75674017306369, 35.607689980161616 ], [ 139.7567792455892, 35.607690726096585 ], [ 139.7567875563517, 35.607656568975585 ], [ 139.75679098565658, 35.607648548848751 ], [ 139.75678991117005, 35.607617811019409 ], [ 139.75677779202675, 35.60759445751107 ], [ 139.75665671925316, 35.607584014631961 ], [ 139.75666337372692, 35.607550577571104 ], [ 139.7567592785463