町丁目,世帯数[世帯],男[人],女[人],総数[人]
両国一丁目,1013,756,779,1535
両国二丁目,1342,1069,1063,2132
両国三丁目,1242,916,983,1899
両国四丁目,1280,982,989,1971
千歳一丁目,980,828,835,1663
千歳二丁目,616,533,489,1022
千歳三丁目,1425,1178,1202,2380
緑一丁目,1807,1557,1423,2980
緑二丁目,1748,1608,1708,3316
緑三丁目,1568,1415,1340,2755
緑四丁目,2622,2231,2090,4321
立川一丁目,883,636,686,1322
立川二丁目,875,700,681,1381
立川三丁目,996,818,843,1661
立川四丁目,948,747,729,1476
菊川一丁目,967,810,885,1695
菊川二丁目,1410,1080,1201,2281
菊川三丁目,2224,1880,1987,3867
江東橋一丁目,970,737,752,1489
江東橋二丁目,1419,1193,1114,2307
江東橋三丁目,611,438,324,762
江東橋四丁目,1765,1247,1352,2599
江東橋五丁目,1655,1487,1525,3012
横網一丁目,140,164,146,310
横網二丁目,716,613,601,1214
亀沢一丁目,1241,1064,1068,2132
亀沢二丁目,1019,867,1011,1878
亀沢三丁目,1046,1084,1023,2107
亀沢四丁目,1490,1319,1308,2627
石原一丁目,1565,1255,1277,2532
石原二丁目,1448,1285,1278,2563
石原三丁目,1712,1549,1382,2931
石原四丁目,1480,1352,1307,2659
本所一丁目,1642,1511,1478,2989
本所二丁目,920,799,848,1647
本所三丁目,1037,922,926,1848
本所四丁目,1351,1230,1147,2377
東駒形一丁目,804,642,627,1269
東駒形二丁目,846,758,770,1528
東駒形三丁目,902,756,756,1512
東駒形四丁目,1420,1205,1243,2448
吾妻橋一丁目,1318,1013,1111,2124
吾妻橋二丁目,924,688,757,1445
吾妻橋三丁目,886,807,868,1675
錦糸一丁目,1401,1052,1045,2097
錦糸二丁目,465,371,308,679
錦糸三丁目,466,371,343,714
錦糸四丁目,1015,879,940,1819
太平一丁目,1851,1739,1754,3493
太平二丁目,936,761,666,1427
太平三丁目,855,679,686,1365
太平四丁目,2666,2369,2466,4835
横川一丁目,798,858,746,1604
横川二丁目,921,785,693,1478
横川三丁目,671,579,572,1151
横川四丁目,775,675,622,1297
横川五丁目,1456,1277,1649,2926
業平一丁目,1513,1421,1571,2992
業平二丁目,817,703,650,1353
業平三丁目,868,684,693,1377
業平四丁目,1171,909,1028,1937
業平五丁目,1156,1084,1185,2269
向島一丁目,1333,1090,1104,2194
向島二丁目,1556,1295,1399,2694
向島三丁目,2513,2187,2197,4384
向島四丁目,1327,1277,1310,2587
向島五丁目,2567,2183,2132,4315
東向島一丁目,1633,1524,1444,2968
東向島二丁目,2858,2465,2613,5078
東向島三丁目,1654,1659,1726,3385
東向島四丁目,1911,1703,1779,3482
東向島五丁目,2123,1851,2006,3857
東向島六丁目,2984,2750,2743,5493
堤通一丁目,1156,1198,1144,2342
堤通二丁目,2080,1909,2374,4283
墨田一丁目,1442,1512,1662,3174
墨田二丁目,1987,1939,1962,3901
墨田三丁目,2001,1849,1848,3697
墨田四丁目,2446,2342,2451,4793
墨田五丁目,1548,1403,1403,2806
押上一丁目,1307,1038,1148,2186
押上二丁目,2041,1819,1983,3802
押上三丁目,2295,2197,2137,4334
京島一丁目,3598,3383,3683,7066
京島二丁目,995,953,858,1811
京島三丁目,2310,2150,2060,4210
文花一丁目,2945,2584,3111,5695
文花二丁目,1300,1168,1226,2394
文花三丁目,1203,1372,1335,2707
八広一丁目,1825,1716,1644,3360
八広二丁目,2085,2075,2064,4139
八広三丁目,1866,1855,1742,3597
八広四丁目,2116,2124,2102,4226
八広五丁目,1580,1445,1495,2940
八広六丁目,2081,2056,1976,4032
立花一丁目,3434,3055,3252,6307
立花二丁目,903,792,761,1553
立花三丁目,1635,1491,1534,3025
立花四丁目,1866,1849,1829,3678
立花五丁目,1877,2128,2066,4194
立花六丁目,1173,1124,1238,2362
東墨田一丁目,78,88,59,147
東墨田二丁目,743,721,653,1374
東墨田三丁目,406,434,399,833
5557769町丁目,世帯数[世帯],男[人],女[人],総数[人]
両国一丁目,1014,752,778,1530
両国二丁目,1350,1072,1072,2144
両国三丁目,1247,918,989,1907
両国四丁目,1291,993,999,1992
千歳一丁目,985,829,836,1665
千歳二丁目,603,528,479,1007
千歳三丁目,1425,1178,1195,2373
緑一丁目,1803,1553,1416,2969
緑二丁目,1735,1605,1696,3301
緑三丁目,1573,1421,1343,2764
緑四丁目,2597,2220,2075,4295
立川一丁目,872,632,678,1310
立川二丁目,874,698,682,1380
立川三丁目,998,818,847,1665
立川四丁目,947,752,723,1475
菊川一丁目,958,804,879,1683
菊川二丁目,1406,1080,1199,2279
菊川三丁目,2223,1882,1989,3871
江東橋一丁目,965,731,750,1481
江東橋二丁目,1417,1190,1111,2301
江東橋三丁目,610,439,322,761
江東橋四丁目,1758,1243,1349,2592
江東橋五丁目,1660,1495,1529,3024
横網一丁目,142,166,147,313
横網二丁目,726,620,608,1228
亀沢一丁目,1247,1071,1074,2145
亀沢二丁目,1011,860,1004,1864
亀沢三丁目,1039,1074,1019,2093
亀沢四丁目,1499,1332,1306,2638
石原一丁目,1571,1250,1279,2529
石原二丁目,1435,1276,1269,2545
石原三丁目,1692,1536,1367,2903
石原四丁目,1483,1362,1306,2668
本所一丁目,1640,1517,1474,2991
本所二丁目,923,804,848,1652
本所三丁目,1035,919,926,1845
本所四丁目,1323,1208,1135,2343
東駒形一丁目,787,630,621,1251
東駒形二丁目,851,762,774,1536
東駒形三丁目,893,755,748,1503
東駒形四丁目,1419,1206,1241,2447
吾妻橋一丁目,1326,1017,1119,2136
吾妻橋二丁目,920,687,754,1441
吾妻橋三丁目,881,799,868,1667
錦糸一丁目,1396,1048,1039,2087
錦糸二丁目,468,370,314,684
錦糸三丁目,465,369,342,711
錦糸四丁目,1007,883,932,1815
太平一丁目,1852,1733,1756,3489
太平二丁目,931,759,667,1426
太平三丁目,851,675,680,1355
太平四丁目,2665,2376,2466,4842
横川一丁目,800,859,749,1608
横川二丁目,919,780,689,1469
横川三丁目,671,579,571,1150
横川四丁目,777,676,624,1300
横川五丁目,1454,1275,1648,2923
業平一丁目,1518,1420,1578,2998
業平二丁目,826,710,652,1362
業平三丁目,864,683,687,1370
業平四丁目,1172,909,1025,1934
業平五丁目,1159,1084,1188,2272
向島一丁目,1333,1094,1103,2197
向島二丁目,1555,1303,1400,2703
向島三丁目,2512,2178,2201,4379
向島四丁目,1329,1271,1306,2577
向島五丁目,2576,2193,2138,4331
東向島一丁目,1634,1528,1444,2972
東向島二丁目,2855,2470,2610,5080
東向島三丁目,1649,1656,1713,3369
東向島四丁目,1902,1696,1776,3472
東向島五丁目,2127,1859,2011,3870
東向島六丁目,2990,2751,2751,5502
堤通一丁目,1144,1194,1135,2329
堤通二丁目,2081,1914,2378,4292
墨田一丁目,1445,1509,1667,3176
墨田二丁目,1988,1939,1961,3900
墨田三丁目,1994,1849,1839,3688
墨田四丁目,2445,2341,2449,4790
墨田五丁目,1549,1399,1404,2803
押上一丁目,1313,1039,1151,2190
押上二丁目,2043,1817,1978,3795
押上三丁目,2311,2207,2147,4354
京島一丁目,3602,3384,3677,7061
京島二丁目,994,957,852,1809
京島三丁目,2312,2148,2058,4206
文花一丁目,2943,2585,3118,5703
文花二丁目,1293,1164,1217,2381
文花三丁目,1199,1370,1332,2702
八広一丁目,1824,1715,1643,3358
八広二丁目,2082,2073,2068,4141
八広三丁目,1865,1855,1738,3593
八広四丁目,2131,2131,2113,4244
八広五丁目,1577,1445,1493,2938
八広六丁目,2077,2054,1974,4028
立花一丁目,3439,3053,3260,6313
立花二丁目,906,794,765,1559
立花三丁目,1632,1494,1527,3021
立花四丁目,1875,1851,1833,3684
立花五丁目,1876,2133,2061,4194
立花六丁目,1179,1131,1241,2372
東墨田一丁目,78,88,59,147
東墨田二丁目,737,717,642,1359
東墨田三丁目,408,435,400,835
9383380448925 ], [ 139.76888186516263, 35.593837950857321 ], [ 139.76887523837632, 35.59384461756045 ], [ 139.76887148290305, 35.593848761921691 ], [ 139.7688693806214, 35.593855611321324 ], [ 139.76886132099398, 35.593860023795422 ], [ 139.76885425169041, 35.59386804233776 ], [ 139.76884972313513, 35.593872907392509 ], [ 139.76884530688858, 35.593875338768378 ], [ 139.76883758201745, 35.593875154357789 ], [ 139.76883294382645, 35.593879117968477 ], [ 139.76883072915862, 35.593888491184529 ], [ 139.76881891997812, 35.593889656663883                     �H� g �ﾖ�ｭ/ﾀ\o@��5qu'軣ty�:乗｣犂gｾH��5u��鈿ﾄ蚯L\m�+ｺﾔ7�ｭ3ﾁ釥k�".�'ﾗb'j^ky�-:湶參｡.z�"lﾄ曁h�zBuｹ�ｼF^ｮ�?9ﾔ鑅^^cK/�Fx樹Y苧kHL�ｲ�很ﾁyI]���sｽﾁﾄ昏ｭ�ﾝ梃}s�2癈ｯﾋﾎﾞ.\ﾘ�ｹ7489ｾﾍ冐�風ｫｾ縵�ﾙﾟvtｾ｢.���燁ﾆ沆ｫｶﾘ_{ﾇｾﾝ楴寓:伹麹�ｵ�ｰｬﾗKﾜ_?･���T_ｼV･�ﾟ┰�	ｺ; 籾��瑳n�1ｯKTW睆3�d��c�ｨ��尅諒�ﾅApN哂�鍍O$\ewｿ3n�ﾋf莚�!ﾖ9*価ﾑ瘢誣[罕f咊[ｮ�7I3候B奨/�ﾔvqⅵ{��姻�ﾞ休ap身塊JﾊW靃F`�ﾏ��ｿEﾄｻ��ﾗ08陦�7aｼﾇ鶴､Ps癬Q｡ﾊﾁo��ﾁn�-_�-�醒'ﾖ�B禧)ｵ�8v�?ﾘwﾂ列祈狢ﾅ圈ﾁﾁｰ��ｵﾁ逾E蓁夐�?Kﾊｷｩｾｭ]ﾈKｺ扱ﾞｳ�V�ﾜ`跋�:侒��~m��0�>Y��Yｿ�3ﾟ,イ>百�ﾌ"ｧﾏｭ�?�;ﾇ�)ｲﾝﾊﾂﾕBﾞZﾛｰｷ澳�)u}椥,$ｯﾛ,ﾕe\厚楷陣駄瞻2jﾄ�8dεｽｯﾁﾉ郤泝�+>�ﾐ檠ﾍ|�~nﾕuｿｾﾕeｿ@<6`pｨgp�#槃�0ﾖｳ瓊GﾊｧB�ﾍ釼ｽﾍ3�o>�$#nｼO)T}ﾖｳ�辧>両�εｻ�ﾄcﾃOｵﾈ_jp8?opx龍��23ｿ+ﾀ�ﾞﾞｳｱｿﾞｳ����;�ｪ=ｼsbﾝｿM尅o�. ﾞ�`煜i-ﾙ?ｳｿ?0檪Y柔/濔 m:ン�|�&ｯIﾌ剣�速E″b般ﾓﾟkRﾗﾏGnﾁ7呆ﾁ�酳沱ﾅ:砲7εz��?Kc逮��9ﾘ訳梺�R4漿ｽE煮bヱｮ#ﾇhｿﾜ`莨ﾇ演書�匳ｿW｣}ｪHｴ癬#z疽ﾌ�イ�ﾚﾛ|Nﾐ痺ﾂﾇ�離�佰ｺC鉧迢