町丁目,世帯数[世帯],男[人],女[人],総数[人]
両国一丁目,1001,752,771,1523
両国二丁目,1347,1072,1069,2141
両国三丁目,1243,928,980,1908
両国四丁目,1281,985,989,1974
千歳一丁目,991,826,848,1674
千歳二丁目,619,533,489,1022
千歳三丁目,1423,1183,1195,2378
緑一丁目,1802,1544,1426,2970
緑二丁目,1759,1625,1715,3340
緑三丁目,1560,1416,1335,2751
緑四丁目,2675,2272,2170,4442
立川一丁目,894,638,705,1343
立川二丁目,885,707,681,1388
立川三丁目,1010,826,851,1677
立川四丁目,965,762,736,1498
菊川一丁目,959,808,885,1693
菊川二丁目,1421,1081,1219,2300
菊川三丁目,2216,1876,1976,3852
江東橋一丁目,958,734,735,1469
江東橋二丁目,1427,1198,1123,2321
江東橋三丁目,615,441,328,769
江東橋四丁目,1731,1229,1326,2555
江東橋五丁目,1688,1520,1541,3061
横網一丁目,144,164,155,319
横網二丁目,711,608,594,1202
亀沢一丁目,1225,1044,1072,2116
亀沢二丁目,1033,876,1032,1908
亀沢三丁目,1048,1091,1023,2114
亀沢四丁目,1491,1316,1307,2623
石原一丁目,1555,1251,1268,2519
石原二丁目,1456,1289,1287,2576
石原三丁目,1742,1575,1397,2972
石原四丁目,1489,1360,1321,2681
本所一丁目,1644,1499,1480,2979
本所二丁目,911,793,845,1638
本所三丁目,1030,915,916,1831
本所四丁目,1364,1246,1167,2413
東駒形一丁目,808,645,633,1278
東駒形二丁目,845,757,765,1522
東駒形三丁目,910,756,764,1520
東駒形四丁目,1409,1189,1227,2416
吾妻橋一丁目,1319,1009,1119,2128
吾妻橋二丁目,923,686,755,1441
吾妻橋三丁目,879,800,862,1662
錦糸一丁目,1400,1054,1050,2104
錦糸二丁目,463,372,307,679
錦糸三丁目,469,371,345,716
錦糸四丁目,1020,891,935,1826
太平一丁目,1846,1735,1753,3488
太平二丁目,934,765,659,1424
太平三丁目,846,677,685,1362
太平四丁目,2674,2381,2474,4855
横川一丁目,798,852,742,1594
横川二丁目,927,788,695,1483
横川三丁目,662,571,569,1140
横川四丁目,776,676,624,1300
横川五丁目,1459,1275,1648,2923
業平一丁目,1533,1438,1580,3018
業平二丁目,820,704,651,1355
業平三丁目,864,682,689,1371
業平四丁目,1179,913,1029,1942
業平五丁目,1151,1083,1183,2266
向島一丁目,1330,1091,1101,2192
向島二丁目,1560,1297,1407,2704
向島三丁目,2540,2213,2212,4425
向島四丁目,1329,1277,1318,2595
向島五丁目,2575,2196,2133,4329
東向島一丁目,1645,1523,1451,2974
東向島二丁目,2851,2454,2608,5062
東向島三丁目,1653,1655,1718,3373
東向島四丁目,1928,1718,1787,3505
東向島五丁目,2121,1847,2007,3854
東向島六丁目,2975,2742,2744,5486
堤通一丁目,1159,1190,1148,2338
堤通二丁目,2074,1893,2363,4256
墨田一丁目,1456,1522,1685,3207
墨田二丁目,1998,1942,1966,3908
墨田三丁目,2007,1851,1838,3689
墨田四丁目,2438,2338,2440,4778
墨田五丁目,1557,1414,1419,2833
押上一丁目,1322,1044,1157,2201
押上二丁目,2035,1810,1978,3788
押上三丁目,2296,2196,2141,4337
京島一丁目,3599,3398,3687,7085
京島二丁目,989,941,851,1792
京島三丁目,2309,2151,2055,4206
文花一丁目,2941,2570,3103,5673
文花二丁目,1300,1162,1230,2392
文花三丁目,1201,1370,1334,2704
八広一丁目,1828,1721,1637,3358
八広二丁目,2098,2091,2063,4154
八広三丁目,1846,1834,1725,3559
八広四丁目,2145,2140,2125,4265
八広五丁目,1593,1454,1497,2951
八広六丁目,2076,2039,1967,4006
立花一丁目,3440,3061,3264,6325
立花二丁目,888,783,757,1540
立花三丁目,1631,1483,1534,3017
立花四丁目,1862,1850,1821,3671
立花五丁目,1873,2120,2057,4177
立花六丁目,1176,1126,1244,2370
東墨田一丁目,79,89,59,148
東墨田二丁目,734,711,643,1354
東墨田三丁目,403,431,403,834
725,3559
�139.74225099676289, 35.606973215560899 ], [ 139.74225308807036, 35.606978355022392 ], [ 139.74225473757045, 35.606983764564703 ], [ 139.74225749562487, 35.606984938446644 ], [ 139.74226709705005, 35.606986027362112 ], [ 139.74226974125673, 35.606990265858556 ], [ 139.74226631145103, 35.606997474327351 ], [ 139.74225869136623, 35.60700116423704 ], [ 139.74224908156228, 35.607007466651801 ], [ 139.74223992173827, 35.607006287930453 ], [ 139.7422241520664, 35.60699392706691 ], [ 139.74221797871371, 35.606987162029782 ], [ 139.74220496301393, 35.606979580573778 ], [ 139.7422032085592, 35.606969393623665 ], [ 139.74219813630521, 35.606964973012943 ], [ 139.74218964487201, 35.606958386497688 ], [ 139.74218810841003, 35.606950633445209 ], [ 139.74218028066196, 35.606942785495647 ], [ 139.7421827146423, 35.606937739594223 ], [ 139.74219133167949, 35.606930895604236 ], [ 139.74219155938118, 35.606924766374767 ], [ 139.74219001709275, 35.606922151198717 ], [ 139.7421870383933, 35.606920887010062 ], [ 139.74218086014199, 35.60691844860375 ], [ 139.74217159690673, 35.60691114039728 ], [ 139.74217358590963, 35.606909158860233 ], [ 139.74218242379709, 35.60690222489967 ], [ 139.74218585023263, 35.606897990993204 ], [ 139.74218607752573, 35.606892222316439 ], [ 139.74218299131482, 35.606888434175069 ], [ 139.74217714552071, 35.606884824222647 ], [ 139.74216898389395, 35.606879409752729 ], [ 139.74215640133116, 35.606879219956433 ], [ 139.74214756702355, 35.606882999078692 ], [ 139.74213774240721, 35.606884073303029 ], [ 139.74213001184981, 35.606887853259302 ], [ 139.74212857431303, 35.60689019576607 ], [ 139.74212691449137, 35.606893890178476 ], [ 139.74211984065911, 35.606902538097223 ], [ 139.7421162988316, 35.606911188689217 ], [ 139.74211650556575, 35.606923537787367 ], [ 139.74211495151408, 35.606931288501357 ], [ 139.74210987179822, 35.606933447974235 ], [ 139.74210303047838, 35.606931730168064 ], [ 139.74210181993232, 35.606928574412471 ], [ 139.7421053645248, 35.606917490089991 ], [ 139.74210338391055, 35.606912080294919 ], [ 139.74210007582678, 35.606909283504329 ], [ 139.74209533266114, 35.606906665903601 ], [ 139.74208992560727, 35.606905490012167 ], [ 139.74208551162323, 35.606904585287275 ], [ 139.74207778843075, 35.606901875291008 ], [ 139.74206807899742, 35.606898713098644 ], [ 139.74205429080234, 35.606891040902937 ], [ 139.74205241442451, 35.606891039481603 ], [ 139.74205131067282, 35.6068910386455 ], [ 139.74204921354465, 35.60689103705689 ], [ 139.74203982991472, 35.606892562298604 ], [ 139.74203387692606, 35.606886157971935 ], [ 139.74203255723705, 35.606881920473803 ], [ 139.74203256010435, 35.606879396604683 ], [ 139.7420276008007, 35.606872722615783 ], [ 139.74202252866488, 35.606868211859442 ], [ 139.74201381548184, 35.606862526546287 ], [ 139.74200311278207, 35.606859273457694 ], [ 139.74199616304213, 35.606855842936298 ], [ 139.74199550130365, 35.606855391743416 ], [ 139.74198942882805, 35.606857009629202 ], [ 139.74197838311892, 35.60686421231668 ], [ 139.74197064640768, 35.606873400553717 ], [ 139.74196356569428, 35.606888087721558 ], [ 139.74195948048094, 35.606889256421312 ], [ 139.74194888210772, 35.606891321564397 ], [ 139.74194644719159, 35.606897178704749 ] ], [ [ 139.7425813269387, 35.606896126161836 ], [ 139.74257942409551, 35.60691956067658 ], [ 139.7425811870452, 35.606922266152111 ], [ 139.7425890215479, 35.606924164955579 ], [ 139.74259100473958, 35.606927321288126 ], [ 139.74258250086021, 35.606931731658904 ], [ 139.74258072783326, 35.606937949863593 ], [ 139.7425775244067, 35.606940200907488 ], [ 139.74257388222748, 35.606940017887837 ], [ 139.7425719015811, 35.606934608100431 ], [ 139.74256694314548, 35.60692712289007 ], [ 139.74255679697418, 35.606919723909876 ], [ 139.74255460718624, 35.606904038202885 ], [ 139.74255185259213, 35.606899799629481 ], [ 139.7425486543593, 35.606897453625237 ], [ 139.74254258627028, 35.606895195596977 ], [ 139.7425402710393, 35.606892850257793 ], [ 139.7425454629491, 35.60688906836257 ], [ 139.74255076187347, 35.606888261110363 ], [ 139.74255175412992, 35.60688925337876 ], [ 139.74255550383108, 35.60689196035139 ], [ 139.74256410942934, 35.606895211811299 ], [ 139.74257768639015, 35.606894500931347 ], [ 139.7425813269387, 35.606896126161836 ] ], [ [ 139.74237233225185, 35.606944102415433 ], [ 139.74235754309197, 35.606943099730131 ], [ 139.74234429704268, 35.606943991111649 ], [ 139.74233845021669, 35.606941282548888 ], [ 139.74233381935585, 35.606936952415431 ], [ 139.74233602859553, 35.606935421733326 ], [ 139.74233790681151, 35.606933800662958 ], [ 139.74234166181449, 35.606931820456694 ], [ 139.74235369679562, 35.606928224013309 ], [ 139.74235988015471, 35.606926155501597 ], [ 139.74236330566364, 35.606922732833745 ], [ 139.7423715958432, 35.606912102777144 ], [ 139.74237523883681, 35.606911564697448 ], [ 139.74237579020271, 35.606912015804937 ], [ 139.74237799587036, 35.606913639958478 ], [ 139.74237898506456, 35.60691733637379 ], [ 139.7423734600811, 35.606922830637352 ], [ 139.74237246160314, 35.606927336796673 ], [ 139.74237135377004, 35.606930941490837 ], [ 139.74236980270152, 35.606936078200839 ], [ 139.74237255728724, 35.606940316778378 ], [ 139.74237233225185, 35.606944102415433 ] ], [ [ 139.7426127661825, 35.607205143785684 ], [ 139.74262225278656, 35.607210198669691 ], [ 139.74263041915725, 35.607211466752439 ], [ 139.74263339787447, 35.60721273093008 ], [ 139.74263482502604, 35.607219582511739 ], [ 139.74262211880665, 35.607231110644243 ], [ 139.74261339465431, 35.607235070159867 ], [ 139.74260721178672, 35.607236687993556 ], [ 139.74259111058089, 35.607224597343603 ], [ 139.74258802321856, 35.607221800732731 ], [ 139.74258516230756, 35.607213956549977 ], [ 139.74258781580062, 35.607209992464973 ], [ 139.74259874542818, 35.607207837377004 ], [ 139.74260492951487, 35.607205137885572 ], [ 139.74261221481328, 35.607204692679311 ], [ 139.7426127661825, 35.607205143785684 ] ], [ [ 139.74275411131816, 35.607050212311798 ], [ 139.74275311590776, 35.607052014328737 ], [ 139.7427517850025, 35.607057692038602 ], [ 139.74274880232673, 35.607059943252956 ], [ 139.74273710131484, 35.60706101611558 ], [ 139.74273445230517, 35.607061014123971 ], [ 139.74272927268936, 35.607053889307174 ], [ 139.74271691948763, 35.607046037989846 ], [ 139.74270853543098, 35.607042065601469 ], [ 139.74270014486922, 35.607043862056166 ], [ 139.74269573320882, 35.607040884175419 ], [ 139.74269916673916, 35.607030340581645 ], [ 139.74269873337019, 35.607023129194957 ], [ 139.74269940954906, 35.607010780762025 ], [ 139.74269478181623, 35.607003656358778 ], [ 139.74269136872095, 35.606996082177702 ], [ 139.74268684882324, 35.606991211311737 ], [ 139.7426869619436, 35.606988777663815 ], [ 139.74269038652631, 35.606986166230328 ], [ 139.74269745410351, 35.606983016707318 ], [ 139.74269800547171, 35.606983467813329 ], [ 139.74270230644879, 35.606986716025553 ], [ 139.74270748300853, 35.606996544989073 ], [ 139.74270901962313, 35.60700420789675 ], [ 139.74271033792684, 35.607009707321993 ], [ 139.74271860621829, 35.607018456950975 ], [ 139.74272953104011, 35.607020538345608 ], [ 139.74273659109937, 35.607024059045841 ], [ 139.7427396801867, 35.60702532330388 ], [ 139.74275082860547, 35.607024880993421 ], [ 139.74275314526872, 35.607025964393969 ], [ 139.74275534881372, 35.607029481442432 ], [ 139.74275722356938, 35.607030925063754 ], [ 139.74277300988697, 35.607028593333808 ], [ 139.74277963342416, 35.60702769692876 ], [ 139.74278669907193, 35.607026260026011 ], [ 139.74279066760863, 35.607030679782639 ], [ 139.74278723998057, 35.607035995364448 ], [ 139.74277609247463, 35.607035626434616 ], [ 139.7427706828627, 35.607036704028289 ], [ 139.74275854055614, 35.60703759628484 ], [ 139.74275588900744, 35.607039847748261 ], [ 139.74275411131816, 35.607050212311798 ] ], [ [ 139.74276376827839, 35.607099975888985 ], [ 139.74275681482783, 35.607099790386066 ], [ 139.74275405533982, 35.6070998784501 ], [ 139.74275129605502, 35.607099786237718 ]2$Nkﾜ燮�衡+荵Bﾐ6z�K,      �3冐 �ｯ･<�冬hﾘ洵ﾖ~ｼ�\繆yZﾁｹﾎｭﾁ峭絨ｫ@ｾ>ﾉ��
黠誧ＺﾘJJ靕�ﾊ歸ﾘ�ﾀ�/ﾝ�ﾟC橦ｶ��>｣鵑ﾟ'�
=�禄鱆'Vﾖq椶ﾑｿ*偸5ﾄﾅT@ｯ'8G轆�
ﾝ%/'ﾟ 釞俍/ｬ厓*ﾖﾜｧqｫﾔﾞ��9Gﾖ�盛齏�差(沆&ｭ�"�xｩa邱"ﾞﾆﾒ��活ｳﾐyXaﾚE:�(篝ｻ�Eﾜｷ悲y1墲ﾎ�ﾕﾈ3磧.�=N愬E:与ｦｵ､{s昀x恭w､�vy�=ﾝ旬a㏄N^ﾌ|髴�?ﾈxﾏ+跫1ﾙﾋﾋﾈ/,}��]ｧ･ｼc从�ﾅｱ隻+瀅ｾﾙﾇK遡Uﾄｩ.%?�ｷﾄ･ｴK�Fｿ&NY�処楷ｷB\堺ｦﾆ'皜oﾊｾ減&�ｾX筥ﾈｷ｢ﾟ/'ｮ@ｹ�N徙昞r�.V@ﾟ呆串{5�.ﾁ淨�B�+}[��ﾜw鈼-�6�@&�睿ﾕ�-YO藜�?ﾑ�Gｦ?Eｼﾕ;L4�Eｾ
ﾙ旬ﾈSｨ汜b?ｨ�﨧ﾉ~gﾆ�,ﾚﾛ�回ｯﾛ��､���8洌ﾏﾊ展N���K�?+敎ｾX嶽?簑NﾘGｭw�}n.�3ｴLVrｧ�ﾃ�ｧeｧV���7J*�伹G]Q◎ﾋ�氓ﾜｦ�挺_ﾃⅣ｢oｪﾟｰﾟ_ｭ狎ｪｵ��ｧ��ﾆ礑ﾛｳwﾄ売oGsﾚ･$ﾖ腋网lﾘWﾚ��ｵ
�7E?nﾕ�z^愿墾_ｽｻ~ｯ��挺T��腋鋙�:ﾝT�kﾘ�ｲｯ�xtﾚﾎｹ曺
�<ﾃ��ﾗﾚOsKbb�?ﾕp��ｴg蕕?�ｼaﾟosN言×l�ｶ|ｫsc桒��ｦ>ﾃ.?_ｴ7_ﾟ{&|v病ﾗ+�ﾎ宏ﾓﾟ]�揶/�_}��ﾏ*榎ﾄ崩笹ｼ茸ｭ�脩A琇��､ﾟ�3ﾍｯ��厮1�ﾙ| >7�@ﾖx9?ｳ}印b5ｶiｼｽ為ﾎｰ閾N﨤ﾔﾟ�|U栞�?ｪｼｰ譽ｧ�ybﾘi]}ﾟ｢�ｴﾎ��\ﾍｺ��ｧGｾ"~�ｵﾈ~fﾘ腋ﾅ]���ﾜ5ﾖﾋm��=ｽ3r覃隸搾ｨ<��｣ﾇｼ3?���ﾈ奝�ﾏ餡>ﾓgO昇�:�5ﾆpﾘﾔﾟ-�;ｴ沺�;B燁w琩*釮G	�gg	v忞轣ﾔ~ﾕ榘蒴�ﾟｯﾕ�ｨ�兊ﾟ��霊7愿=ﾋJﾉvﾛｹ眺ﾈ�.�､sfﾃﾑ���Cﾞﾚx"n q5噴ﾃqNﾀ|�>淙�釤ﾕ}+醢.1�?H万\<]退ｷ｢ｬ譲頓ON客~Pﾘ� ﾉ餞�/>MｧpﾟS|aﾘﾟ認.4�#rｧP}ﾑｺ3�qﾖﾗ･�ｦ~琇pﾟTrﾟｰ﨟狹+N	�ﾑﾍｰｿg ｾ?�ﾏ沚ﾇ
踞Th'ｹgﾘﾟlﾖxN��ｫ腑�ｹ厰3趺w��5:8h�ﾉﾌｷ~ｹ<�ｦlﾜ7�ｫ,��=E-ｬｷ室�∽5q9湫ｸｳ~4naﾛﾙpﾒ�ﾗ�娶g縻6t哿Jﾖ鏆ﾗﾅｸｺﾄｰ(京ﾋｸ�<�_讃ｾGｿU]悳ﾒｯﾋ{ﾍﾏﾞ叱日｣�ｰf=_偈ﾘfr
Yﾝ竺A�+救樊ｽLﾋ杠�<ﾊﾊ��;{wSﾒVR滸�&禽+ﾏ稙[Lｺﾅ4b�ﾗ閒ei廉ｱｻｨｿｾ�\ｻｹ~褝搦ｽa�袙�ﾊﾟ狛ﾍ��_�<僂<r諟aﾗ_ﾀﾝgkｬ�!ﾎ$/a毖ﾌｰ#ﾟAF<ﾄ岫ｴ�ﾞ駿ｾ減�ﾄﾓ�!洶湃7L��}ｴ�5諳ﾗtﾑ㎡�ｽｶ�=)ﾟ{v｢'5ｷy碌ﾟ�ｿ%Oy�$駑ｻ印(W8ｭ霰|�ﾞﾓ罹糞ｾｬｾ､�ｵﾁ?ﾗ盛� �9rq ��ﾏz蹄1諺煆ﾎ]ﾅ麼]v.��ﾏ狒O@ｯo�3?[ｱ3��ﾉ㎜ﾘ��%匠ｾ祕�>�_ﾟ�yﾜC_ﾖ�㎏ﾝﾗ�･rｽ鑰抑8Y廠ｮ�(;ﾓuVﾞkﾝ]ﾆﾞ�,>楷ﾄﾎ､,ﾊ�;ﾋ積�-�>ﾖﾁ礁�ﾋ>ﾎ嵳菅ﾏ�$k孳U}鋕7蓙>ｭ辷�1戀ﾏﾇyｳﾝ_�･{ｹcZﾎ>�;tGc�?c恃�<ｽ令<
�ｻ;�(�｣ﾈ列ﾄq�荢ﾅｮ3��(�ｧｳv=�(tｼ㎏ﾝ�;cｹ~P靑���&U�=�*去ｲ�ﾆ�ﾛz?凞c鞁c化8F{c焔:��%�z#ｿ殲L�蹌v��1ﾎe(�ﾏc�/cy鴇Tﾗｨ叝�\�.祚ﾀ3ﾇｰ^JYc医(ﾕ{2�-U�N�"Jｱｻ>C濵｣辧R詭4ﾑﾄｱQ�蚰��F��$蒔Lｿ逹ﾆ2�3��銘/｣yCｻ��泉w牧抵絛ﾟ撩ﾋ銘�ｿ*ﾓxﾈcWｦ�0�fｿ圃@wf�e~;取ﾜｳLk�8ﾉ#黠_ｹﾆ勝ｮｻhﾊ!~U�ﾃﾈｻ��~2�膾ﾐ慓6ﾆ�_ﾇ�&ﾃnｧf="汨ｷ��ⅷ�遯?w�-Gﾏe}擇橆ﾆO+zﾟC榁2ﾖ預ｷKﾋT?�"�ﾃ皛)ミ羣��滂ｿ�ﾞfﾘ昀�茆(ﾓ{L�'銘ﾟ潘Yyﾎ)獸独展ｱTﾟ乙(Eｿ｡?�W��変0~|�ｯ巴ﾗ2朏ｵﾞ剌皈ﾈｯ曾�>`ﾘ�韮O臾ﾗ｣ﾟ箸o����1�蔀���#ﾏC.�ｴ7I<q ﾇDOﾎ鮹｢ﾏ枋8ﾎﾑ渋'�#��ﾗ1�2��S鋕c隸/竺~�%��6�ｫﾊﾏk抃ﾃ?&�+d｡甎VｦｷHe�ﾚ7劉�=^ﾜｰ�ﾃｲﾟﾟ売�Hﾝ3ｹGﾊｷﾁ�`ﾘ蠡��5O�砡ｳｾ締ﾉｰﾏヂﾟw��Hﾃ�-赧�{囈躅��_F^*ﾃ~�i縱ｾu恷ﾟ顏'餡ﾞ裸ﾈｱ｣ｾL�,:｢GQ��ﾇｾ坡:ﾃ>_�m顯ﾓy/)ｫ;J�<a:ｰ�+ｭﾑ1萇邃5.ﾃ�5蒟N�腋ｳ�|ﾑ�?`ﾟ|�DNb愼=P訳{+�ﾆI候ﾕ癲ｳﾟｺﾝ`仄bｽm秕KﾃNﾃｮ?em/Gｿｯｿﾕ0v剰�;ﾈ險�%ﾍﾄﾛﾁ�#ｬｿ~�ﾗp2棧ﾋH蟀q咾ﾓWﾗｹｧ｡sCP穆W鑅錥�ｻｽ1�ｬｺl>ﾝｯkﾘ蠢a�ｻﾈﾚrｿ`ﾖ6釉ﾙﾋ2ﾑq:yｧｻｽk仞ﾃ?ﾘ醇}ｿ淬�aﾃi��ｷj8ﾍｷ須�ﾖ01�脈ﾊr~oe�ﾜ
|ｪa?ﾘ��癒ﾉﾘ｡硫n6r>匏�ﾊｸ4�_4�ﾃｦｴo#7ﾇ:ｲ�1ﾏﾌ'�客ﾞｦu�:qﾏ�-73'売ﾀ8Y版ｯ*ｾ6�]豺｡�ｹa塁g澀ﾋﾚ" ���=殊ﾖ/��嗤�?鍄Lｾ�Q�]cAｮ�9{tｾﾅ棏q諞二]�"�｡ｯ)x鋩0xkｺtﾁHYCｾﾃﾗ+ｻ}���<>ﾍ�ﾟeﾘ�遙[疎�t�
ﾃR>?l8尞壌ｯZﾟnk2G弡�,ﾌﾉ0ﾆﾅ孖,鉙0'~tﾃｮｿjﾘ�ﾃﾔz�茆ﾆ�nsyﾖ6��=ﾃncｽ��ﾛﾓﾛ\ｺb>3懼?鑵{ﾐ�5ｻﾝ�9{a1ﾌ)Tﾖﾇ�1孳邑�&ﾞｩ㌢ﾗ37R簾ｱ諾}ﾃｮｿm狎Eﾖ6�?oﾄN`>gnﾄN?ｦ�ｰｿﾘS7?}ﾅpﾒ��ﾃｯｫ(ｯﾓﾁu�.蓐�ｯﾝN
?]t烝槎�8^ｶoｮ�ｦｬ~|ﾈｫⅵ讐�_ｫSﾈｧ51�5C?�ﾊ稟,`ｽ<ｰ:ﾉ�-鉙､ﾐﾖvｿﾜ$ｨ-�=)蓚+ﾔﾗ4	ｻ�ｸ傅O1L{}ﾏ桒揣_點梢ﾆ鵺�tm%ge%w�o竫ｮﾎ)+9cﾟﾜo��ｴｨ@r�8ﾙ�q
�ﾋ~<ｱ胱j隅ｱﾀ･]ｦｰ>硤ﾌ匇}(ｺ?ﾈ{ｩ�ﾓ団�5ﾓxｵ ｺ｡Zy�祓h�楨ﾘ;経*��.ﾃ	=ぐw観ﾝﾆs��rﾁ鮫ｲ悄Cｷ��)ﾋoﾉP _Vﾝﾉ�cﾔ雄�%ﾏ≧撝ｭﾟiﾚ募嵬｢�`ﾕ刕庖{r�ﾟG?霻ｾ��蒭)@g�wr�釮ﾊF�
^ﾃ�?Dﾑ�ｪ=毳�:��Aﾏﾄgﾝﾘ�;��%�ﾃﾗｫｯ逸ﾞﾏﾐXｰﾟｬ}ｿｯ｢偂D�/Nﾆtｫｼ{ﾞﾗ7�qD}ﾓﾙ8t!�ﾊjﾞﾃ樒ﾜ{∬ﾐ7遧~�=(ﾑｱ/轤候rﾃ�N惹R湍??ｯｾ_ﾐ釭^ｭ/ｲｾC{ｻ綾ｸWr萄等��=.ｽ }ﾛｰ�5ﾑ<|G�-Za�1ﾞ;ﾆz冴ЭAｵ.\'~3gﾋﾜﾓa罕�eC^ﾘ70eｵ>ﾉ戴ﾕQw霽=�#ｸ-7�7�$靃ﾀE?�#P?ｽ�7
=\�Eﾜ�萼(顥蛙�[myｹs��蒴;羲ﾌp�A���L网ｽｯd�7ｫ�:�a蹐ﾍ�=､h◇ﾉ�5恁?�8Ny>9毅VQv}鍠ｧﾎｪ,5ｬﾏ1屮�*`�ﾜﾄｹ｣﨑�<p��ｩ[�~5梟�>Y_ｸ�):ﾚw粧B>m踟7ﾑﾞ�｣�?F�blﾌ寓/�!z-脩ｹ疆|Aｧ{�b$#^罸ｲ費Uﾖ�w�WY饑wﾜQWVw霽ｽ鼇ｭ	ﾗ驥B｣!ｫ�M涬ﾙ�CｼYeﾙwﾎ'ｯxVWRw�ﾟﾔ/{Z吾ﾈPtﾌﾗx� �eﾉC:ｽﾛ0e�-�=:pVw霽ﾟC��ﾓIｶﾞ出��蹴癒C�ﾃn�ｾﾉﾜ3／�'euﾅy uOﾊ:ｽｿ�ﾚ綬ﾇ｡ﾈmﾃnGｩ�奣屯w�ﾉｵ?N&､~ｯ�&ｲw�ｯｿzzIﾈ券*Kｻｬｻ�/Cﾙﾞﾀ{Cｱ[ｺｫ.�n1�酩ｺ��2ﾃ0mﾇyﾏPﾆﾙ刷;zD忤h掀Sﾟ�墲�｣盒�N㊨｢Cﾄ.p'�9{djﾐlLJﾊrnbﾟs�l(q誤�Eｯﾋ麈ﾟ侈}ﾍｬm�91･Sﾕ�_�Y��ﾆ��8熊ﾃI��畯^ﾗQﾐ�ﾉﾆ#V�/ﾐ⊂>*ﾅgo$Nﾘｰ﨧�Mｿｾ
~T�虜Wｭ�>ｴ?M\覬�^ｼﾏ0��ﾍ0ｾ�凜|o尞ｽ｣�ｾ蹄g�｣O�･��!ﾏ﨎oｪ�涇ﾂOﾚ埴輙�'�	:ﾟ/9閔ﾜEﾁﾛvﾍ bXS9HY粲�亟�-�ﾟ﨟ﾟQw霽$mｼﾓﾂｧs3sv駝冬､eｯcaﾊ�ﾁ櫃ｱ�ｫ鮏硝ｲW忻�$#ｱ5ﾑ'��ﾊ��G聟DHﾉ総ｼ_J]�6R嶺ﾊ�Z/�kﾉﾚ&�>]a偖羞ﾟ;�ﾀ�37`wSﾕ:ﾘﾈ硤｢�g8Oﾐ�ﾍ症HqG磽ﾖﾀﾐﾉ�Yｾｩ,� S|－4��ﾞ�1E�p歓ｷ殳�ﾗｸ｣恋Υｬ+ｦｬ~K\｢a鶩���*ｽﾓ馴n;AｻO�1nｦ陜*���ｰ�ﾂ9嫗緒ﾂz�ｺｰﾏﾘ_ｶv?､ｵ蚋>�孀 ��>-ｾ8暝oX�ｻ