町丁目,世帯数[世帯],男[人],女[人],総数[人]
両国一丁目,1085,827,821,1648
両国二丁目,1356,1043,1066,2109
両国三丁目,1331,967,1000,1967
両国四丁目,1365,1083,1071,2154
千歳一丁目,989,805,851,1656
千歳二丁目,650,535,520,1055
千歳三丁目,1517,1253,1209,2462
緑一丁目,2055,1700,1611,3311
緑二丁目,1804,1665,1714,3379
緑三丁目,1688,1461,1474,2935
緑四丁目,2976,2491,2304,4795
立川一丁目,919,642,708,1350
立川二丁目,904,719,699,1418
立川三丁目,1105,877,926,1803
立川四丁目,1081,808,815,1623
菊川一丁目,1106,868,960,1828
菊川二丁目,1491,1110,1265,2375
菊川三丁目,2230,1878,1973,3851
江東橋一丁目,1030,775,754,1529
江東橋二丁目,1451,1162,1122,2284
江東橋三丁目,610,447,313,760
江東橋四丁目,1727,1233,1269,2502
江東橋五丁目,1755,1518,1553,3071
横網一丁目,142,162,151,313
横網二丁目,698,588,581,1169
亀沢一丁目,1250,1032,1063,2095
亀沢二丁目,1043,885,1024,1909
亀沢三丁目,1105,1095,1065,2160
亀沢四丁目,1524,1357,1358,2715
石原一丁目,1675,1299,1350,2649
石原二丁目,1469,1266,1289,2555
石原三丁目,1749,1546,1404,2950
石原四丁目,1664,1498,1495,2993
本所一丁目,1655,1455,1489,2944
本所二丁目,939,778,853,1631
本所三丁目,1071,885,942,1827
本所四丁目,1513,1275,1271,2546
東駒形一丁目,907,690,708,1398
東駒形二丁目,864,756,770,1526
東駒形三丁目,960,771,773,1544
東駒形四丁目,1478,1188,1250,2438
吾妻橋一丁目,1349,1039,1118,2157
吾妻橋二丁目,959,712,770,1482
吾妻橋三丁目,869,790,845,1635
錦糸一丁目,1447,1065,1034,2099
錦糸二丁目,466,358,329,687
錦糸三丁目,465,376,313,689
錦糸四丁目,1018,902,909,1811
太平一丁目,2000,1841,1808,3649
太平二丁目,954,768,656,1424
太平三丁目,919,722,698,1420
太平四丁目,2686,2351,2447,4798
横川一丁目,835,849,769,1618
横川二丁目,985,826,728,1554
横川三丁目,723,614,589,1203
横川四丁目,774,664,604,1268
横川五丁目,1460,1241,1618,2859
業平一丁目,1575,1387,1589,2976
業平二丁目,823,690,617,1307
業平三丁目,876,675,701,1376
業平四丁目,1250,947,1026,1973
業平五丁目,1218,1099,1221,2320
向島一丁目,1453,1181,1196,2377
向島二丁目,1565,1283,1396,2679
向島三丁目,2764,2351,2344,4695
向島四丁目,1351,1265,1334,2599
向島五丁目,2612,2157,2161,4318
東向島一丁目,1809,1604,1574,3178
東向島二丁目,2859,2405,2630,5035
東向島三丁目,1732,1670,1759,3429
東向島四丁目,2022,1732,1786,3518
東向島五丁目,2214,1873,2032,3905
東向島六丁目,3020,2745,2763,5508
堤通一丁目,1133,1199,1124,2323
堤通二丁目,2085,1816,2359,4175
墨田一丁目,1424,1475,1649,3124
墨田二丁目,2072,1969,1966,3935
墨田三丁目,2037,1841,1856,3697
墨田四丁目,2449,2327,2407,4734
墨田五丁目,1565,1397,1403,2800
押上一丁目,1325,1049,1129,2178
押上二丁目,1995,1744,1900,3644
押上三丁目,2354,2191,2214,4405
京島一丁目,3612,3387,3711,7098
京島二丁目,1004,956,840,1796
京島三丁目,2299,2135,2050,4185
文花一丁目,2990,2552,3053,5605
文花二丁目,1322,1160,1240,2400
文花三丁目,1210,1340,1316,2656
八広一丁目,1888,1752,1643,3395
八広二丁目,2264,2188,2092,4280
八広三丁目,1883,1832,1735,3567
八広四丁目,2425,2311,2261,4572
八広五丁目,1624,1452,1477,2929
八広六丁目,2152,2097,2027,4124
立花一丁目,3456,2970,3182,6152
立花二丁目,874,797,798,1595
立花三丁目,1648,1494,1492,2986
立花四丁目,1900,1859,1809,3668
立花五丁目,2049,2249,2185,4434
立花六丁目,1218,1119,1250,2369
東墨田一丁目,84,88,65,153
東墨田二丁目,789,718,678,1396
東墨田三丁目,395,421,394,815
1545426町丁目,世帯数[世帯],男[人],女[人],総数[人]
両国一丁目,1089,828,822,1650
両国二丁目,1349,1038,1066,2104
両国三丁目,1334,972,1004,1976
両国四丁目,1359,1077,1058,2135
千歳一丁目,988,805,850,1655
千歳二丁目,645,537,517,1054
千歳三丁目,1509,1255,1204,2459
緑一丁目,2057,1698,1610,3308
緑二丁目,1796,1657,1710,3367
緑三丁目,1682,1455,1477,2932
緑四丁目,2955,2480,2307,4787
立川一丁目,907,640,704,1344
立川二丁目,903,718,699,1417
立川三丁目,1106,877,927,1804
立川四丁目,1068,801,810,1611
菊川一丁目,1102,874,961,1835
菊川二丁目,1490,1106,1267,2373
菊川三丁目,2234,1869,1982,3851
江東橋一丁目,1026,771,758,1529
江東橋二丁目,1446,1161,1115,2276
江東橋三丁目,620,451,324,775
江東橋四丁目,1746,1244,1280,2524
江東橋五丁目,1744,1513,1547,3060
横網一丁目,145,163,150,313
横網二丁目,701,588,585,1173
亀沢一丁目,1237,1022,1059,2081
亀沢二丁目,1049,893,1028,1921
亀沢三丁目,1110,1100,1073,2173
亀沢四丁目,1507,1340,1348,2688
石原一丁目,1663,1293,1341,2634
石原二丁目,1464,1264,1286,2550
石原三丁目,1752,1552,1409,2961
石原四丁目,1641,1493,1474,2967
本所一丁目,1647,1449,1486,2935
本所二丁目,939,780,856,1636
本所三丁目,1067,883,939,1822
本所四丁目,1505,1271,1261,2532
東駒形一丁目,902,687,709,1396
東駒形二丁目,868,755,779,1534
東駒形三丁目,971,782,780,1562
東駒形四丁目,1481,1190,1254,2444
吾妻橋一丁目,1355,1046,1118,2164
吾妻橋二丁目,943,704,761,1465
吾妻橋三丁目,870,792,845,1637
錦糸一丁目,1452,1072,1037,2109
錦糸二丁目,470,356,336,692
錦糸三丁目,475,383,319,702
錦糸四丁目,1017,903,910,1813
太平一丁目,1995,1834,1817,3651
太平二丁目,952,765,662,1427
太平三丁目,914,723,696,1419
太平四丁目,2688,2358,2446,4804
横川一丁目,829,845,765,1610
横川二丁目,982,830,727,1557
横川三丁目,718,613,584,1197
横川四丁目,775,660,607,1267
横川五丁目,1456,1239,1619,2858
業平一丁目,1572,1385,1596,2981
業平二丁目,821,687,616,1303
業平三丁目,879,675,703,1378
業平四丁目,1255,947,1027,1974
業平五丁目,1222,1103,1225,2328
向島一丁目,1451,1183,1194,2377
向島二丁目,1573,1292,1413,2705
向島三丁目,2761,2348,2357,4705
向島四丁目,1341,1254,1336,2590
向島五丁目,2621,2165,2162,4327
東向島一丁目,1800,1601,1569,3170
東向島二丁目,2856,2403,2620,5023
東向島三丁目,1728,1668,1753,3421
東向島四丁目,2005,1724,1775,3499
東向島五丁目,2209,1875,2045,3920
東向島六丁目,3021,2746,2770,5516
堤通一丁目,1135,1196,1115,2311
堤通二丁目,2088,1825,2371,4196
墨田一丁目,1429,1476,1647,3123
墨田二丁目,2061,1963,1952,3915
墨田三丁目,2050,1848,1864,3712
墨田四丁目,2456,2335,2419,4754
墨田五丁目,1559,1399,1399,2798
押上一丁目,1317,1037,1133,2170
押上二丁目,2007,1753,1911,3664
押上三丁目,2362,2192,2218,4410
京島一丁目,3615,3389,3706,7095
京島二丁目,1002,958,838,1796
京島三丁目,2303,2126,2057,4183
文花一丁目,2992,2557,3060,5617
文花二丁目,1331,1165,1250,2415
文花三丁目,1199,1332,1311,2643
八広一丁目,1888,1758,1651,3409
八広二丁目,2251,2174,2094,4268
八広三丁目,1859,1822,1726,3548
八広四丁目,2428,2305,2277,4582
八広五丁目,1625,1449,1480,2929
八広六丁目,2140,2096,2023,4119
立花一丁目,3461,2989,3187,6176
立花二丁目,882,802,803,1605
立花三丁目,1642,1499,1488,2987
立花四丁目,1892,1859,1803,3662
立花五丁目,2051,2250,2185,4435
立花六丁目,1206,1110,1244,2354
東墨田一丁目,85,88,64,152
東墨田二丁目,785,718,677,1395
東墨田三丁目,398,420,395,815
139.71567712152577, 35.636751719116859 ], [ 139.71567977838203, 35.636747034546822 ], [ 139.71568210108339, 35.636744332681722 ], [ 139.71568983311681, 35.636742357201832 ], [ 139.71570021883457, 35.636737860454801 ], [ 139.71570850756996, 35.636732730694746 ], [ 139.71571370174851, 35.636729580943921 ], [ 139.715717681878, 35.636726069456358 ], [ 139.71571957030852, 35.636718319450317 ], [ 139.71572134502119, 35.636712822777938 ], [ 139.71572842340163, 35.636704807425495 ], [ 139.71573616572937, 35.636695801205093 ], [ 139.71573948349203, 35.636692198932366 ], [ 139.71574479323201, 35.636685533919206 ], [ 139.71575275625605, 35.636676618050934 ], [ 139.71575388827264, 35.636657600082216 ], [ 139.7157582040013, 35.636651114373763 ], [ 139.71576727078408, 35.636642469995159 ], [ 139.7157671647243, 35.636639495344575 ], [ 139.71576716696839, 35.636637963004318 ], [ 139.71577103588305, 35.636634992233127 ], [ 139.71577368916596, 35.636632741377788 ], [ 139.71577524660503, 35.636624810772147 ], [ 139.71578209331733, 35.636624186489158 ], [ 139.71578264473709, 35.636624637716203 ] ], [                      ﾒ0qﾀ ( �|=_/ﾅﾗSV|=_ｯﾅﾗs^|=_/ﾆﾗ二|=_ｯﾆﾗｳn|=_/ﾇﾗﾓv|=_ｯﾇﾗ|= _/ﾈﾗ�="_ｯﾈﾗ3纊ｽ#_ﾉﾗK培ｽ%_硝ﾗk忿ｽ'_ﾊﾗ喰|ｽ)_礁ﾗｫｬ|ｽ+_ﾋﾗﾋｴ|ｽ-_祥ﾗ�~ﾔﾖ､�6ﾜoｺ~!ｾｦ�-�&i~ﾔb�|k璧Nj!�
p後MｲOｫ/�;ﾞ帛�pﾌﾌ遣�ﾙ� ﾇ{屈&iｮ�%��&�ﾖyPxgfYf捏ﾉQ総諄r帽�"ﾖﾉｷq>狩\�xｷｹ�#ﾅ譏�ｵPｽ�"ﾟz�?�刄|R�鶇ﾋ�5�焄�9鞅ﾎﾁﾞ.��6ﾉｾﾉ�/ﾋ�8}VｽﾄY*ｾｩ廉(>ｧ�!餧笂do､ｿi|艸�史ｴ�ｴ+ｾ[ｿKq�斯/�ｳ�ﾓ鋙艫ﾈ湟C|聯]ｳlｾﾇﾊﾟ6ベ/ﾎ!ｿHｼ毬ｭ�3�ｮ礬5� G{�s周Sﾜ�餮臠*ﾎd