町丁目,世帯数[世帯],男[人],女[人],総数[人]
両国一丁目,980,739,756,1495
両国二丁目,1366,1071,1093,2164
両国三丁目,1295,955,1017,1972
両国四丁目,1347,1078,1046,2124
千歳一丁目,974,801,854,1655
千歳二丁目,634,559,496,1055
千歳三丁目,1450,1221,1194,2415
緑一丁目,1830,1549,1491,3040
緑二丁目,1781,1637,1739,3376
緑三丁目,1717,1480,1469,2949
緑四丁目,2851,2403,2287,4690
立川一丁目,893,642,700,1342
立川二丁目,877,721,682,1403
立川三丁目,1049,842,876,1718
立川四丁目,1055,806,818,1624
菊川一丁目,996,830,903,1733
菊川二丁目,1470,1084,1256,2340
菊川三丁目,2243,1897,1962,3859
江東橋一丁目,976,750,738,1488
江東橋二丁目,1443,1196,1138,2334
江東橋三丁目,645,482,331,813
江東橋四丁目,1774,1291,1289,2580
江東橋五丁目,1666,1487,1503,2990
横網一丁目,154,170,150,320
横網二丁目,714,599,605,1204
亀沢一丁目,1239,1054,1067,2121
亀沢二丁目,1060,902,1037,1939
亀沢三丁目,1043,1075,1032,2107
亀沢四丁目,1515,1359,1340,2699
石原一丁目,1583,1256,1294,2550
石原二丁目,1474,1295,1290,2585
石原三丁目,1741,1562,1414,2976
石原四丁目,1487,1361,1303,2664
本所一丁目,1608,1459,1464,2923
本所二丁目,913,780,851,1631
本所三丁目,1032,897,917,1814
本所四丁目,1417,1269,1214,2483
東駒形一丁目,866,671,690,1361
東駒形二丁目,854,763,767,1530
東駒形三丁目,929,763,760,1523
東駒形四丁目,1436,1164,1248,2412
吾妻橋一丁目,1362,1055,1149,2204
吾妻橋二丁目,922,682,749,1431
吾妻橋三丁目,882,809,860,1669
錦糸一丁目,1432,1077,1071,2148
錦糸二丁目,469,364,320,684
錦糸三丁目,489,388,358,746
錦糸四丁目,1022,894,934,1828
太平一丁目,1958,1826,1802,3628
太平二丁目,942,777,656,1433
太平三丁目,862,694,659,1353
太平四丁目,2677,2366,2487,4853
横川一丁目,817,855,764,1619
横川二丁目,947,797,715,1512
横川三丁目,670,589,568,1157
横川四丁目,769,665,616,1281
横川五丁目,1471,1242,1649,2891
業平一丁目,1562,1436,1603,3039
業平二丁目,839,726,632,1358
業平三丁目,858,687,686,1373
業平四丁目,1207,924,1039,1963
業平五丁目,1213,1109,1227,2336
向島一丁目,1379,1129,1137,2266
向島二丁目,1571,1292,1416,2708
向島三丁目,2588,2252,2257,4509
向島四丁目,1364,1274,1358,2632
向島五丁目,2562,2167,2139,4306
東向島一丁目,1774,1587,1565,3152
東向島二丁目,2880,2462,2629,5091
東向島三丁目,1708,1683,1728,3411
東向島四丁目,1988,1737,1816,3553
東向島五丁目,2151,1862,2016,3878
東向島六丁目,3026,2766,2787,5553
堤通一丁目,1132,1174,1114,2288
堤通二丁目,2101,1890,2392,4282
墨田一丁目,1462,1505,1676,3181
墨田二丁目,2037,1976,1950,3926
墨田三丁目,2027,1838,1852,3690
墨田四丁目,2449,2352,2423,4775
墨田五丁目,1572,1417,1422,2839
押上一丁目,1357,1056,1173,2229
押上二丁目,2021,1777,1944,3721
押上三丁目,2316,2185,2174,4359
京島一丁目,3612,3409,3694,7103
京島二丁目,972,933,841,1774
京島三丁目,2313,2147,2072,4219
文花一丁目,3014,2591,3119,5710
文花二丁目,1321,1159,1241,2400
文花三丁目,1199,1358,1323,2681
八広一丁目,1844,1737,1658,3395
八広二丁目,2132,2116,2061,4177
八広三丁目,1842,1837,1715,3552
八広四丁目,2258,2217,2177,4394
八広五丁目,1589,1452,1481,2933
八広六丁目,2106,2069,1980,4049
立花一丁目,3520,3084,3289,6373
立花二丁目,921,837,813,1650
立花三丁目,1642,1492,1543,3035
立花四丁目,1870,1874,1810,3684
立花五丁目,1891,2141,2090,4231
立花六丁目,1173,1108,1226,2334
東墨田一丁目,73,78,62,140
東墨田二丁目,738,698,646,1344
東墨田三丁目,401,419,399,818
ﾏﾒ町丁目,世帯数[世帯],男[人],女[人],総数[人]
両国一丁目,985,746,753,1499
両国二丁目,1371,1072,1094,2166
両国三丁目,1299,951,1024,1975
両国四丁目,1360,1085,1053,2138
千歳一丁目,978,806,857,1663
千歳二丁目,630,554,496,1050
千歳三丁目,1443,1212,1192,2404
緑一丁目,1825,1550,1477,3027
緑二丁目,1790,1637,1736,3373
緑三丁目,1704,1472,1462,2934
緑四丁目,2873,2417,2306,4723
立川一丁目,891,638,700,1338
立川二丁目,880,725,679,1404
立川三丁目,1053,850,874,1724
立川四丁目,1051,802,814,1616
菊川一丁目,994,826,905,1731
菊川二丁目,1475,1088,1267,2355
菊川三丁目,2236,1897,1953,3850
江東橋一丁目,973,745,736,1481
江東橋二丁目,1431,1186,1141,2327
江東橋三丁目,637,467,335,802
江東橋四丁目,1783,1291,1298,2589
江東橋五丁目,1665,1485,1503,2988
横網一丁目,152,170,148,318
横網二丁目,719,603,609,1212
亀沢一丁目,1237,1049,1061,2110
亀沢二丁目,1060,904,1035,1939
亀沢三丁目,1044,1071,1032,2103
亀沢四丁目,1519,1362,1339,2701
石原一丁目,1581,1257,1292,2549
石原二丁目,1465,1289,1285,2574
石原三丁目,1740,1572,1407,2979
石原四丁目,1486,1352,1309,2661
本所一丁目,1600,1458,1455,2913
本所二丁目,909,779,850,1629
本所三丁目,1036,899,923,1822
本所四丁目,1406,1261,1204,2465
東駒形一丁目,859,666,690,1356
東駒形二丁目,858,760,769,1529
東駒形三丁目,939,771,763,1534
東駒形四丁目,1449,1176,1253,2429
吾妻橋一丁目,1363,1052,1153,2205
吾妻橋二丁目,920,681,749,1430
吾妻橋三丁目,883,808,862,1670
錦糸一丁目,1429,1071,1067,2138
錦糸二丁目,472,364,322,686
錦糸三丁目,487,384,358,742
錦糸四丁目,1018,890,934,1824
太平一丁目,1965,1825,1809,3634
太平二丁目,950,784,659,1443
太平三丁目,864,696,669,1365
太平四丁目,2672,2366,2484,4850
横川一丁目,818,855,760,1615
横川二丁目,944,797,713,1510
横川三丁目,668,587,565,1152
横川四丁目,764,661,616,1277
横川五丁目,1474,1248,1644,2892
業平一丁目,1561,1437,1597,3034
業平二丁目,839,724,632,1356
業平三丁目,865,693,687,1380
業平四丁目,1206,921,1043,1964
業平五丁目,1208,1107,1222,2329
向島一丁目,1385,1132,1133,2265
向島二丁目,1570,1289,1415,2704
向島三丁目,2592,2248,2247,4495
向島四丁目,1360,1273,1353,2626
向島五丁目,2571,2180,2145,4325
東向島一丁目,1773,1591,1564,3155
東向島二丁目,2886,2456,2635,5091
東向島三丁目,1690,1673,1717,3390
東向島四丁目,1995,1741,1824,3565
東向島五丁目,2147,1859,2013,3872
東向島六丁目,3023,2766,2793,5559
堤通一丁目,1118,1164,1114,2278
堤通二丁目,2101,1888,2399,4287
墨田一丁目,1467,1511,1680,3191
墨田二丁目,2034,1980,1951,3931
墨田三丁目,2035,1849,1853,3702
墨田四丁目,2449,2350,2425,4775
墨田五丁目,1567,1415,1420,2835
押上一丁目,1361,1061,1171,2232
押上二丁目,2019,1783,1945,3728
押上三丁目,2321,2186,2180,4366
京島一丁目,3619,3418,3696,7114
京島二丁目,976,937,847,1784
京島三丁目,2315,2153,2069,4222
文花一丁目,3020,2595,3134,5729
文花二丁目,1309,1153,1233,2386
文花三丁目,1202,1362,1326,2688
八広一丁目,1847,1739,1662,3401
八広二丁目,2141,2118,2066,4184
八広三丁目,1844,1841,1711,3552
八広四丁目,2265,2220,2177,4397
八広五丁目,1586,1454,1478,2932
八広六丁目,2102,2073,1987,4060
立花一丁目,3509,3085,3280,6365
立花二丁目,923,839,813,1652
立花三丁目,1641,1491,1546,3037
立花四丁目,1867,1868,1811,3679
立花五丁目,1886,2139,2086,4225
立花六丁目,1172,1110,1224,2334
東墨田一丁目,74,79,62,141
東墨田二丁目,743,704,646,1350
東墨田三丁目,395,418,398,816
, [ 139.77076094315848, 35.594517233080275 ], [ 139.77076513543932, 35.594518947887622 ], [ 139.77076932772036, 35.594520662694826 ], [ 139.77077837352087, 35.594525264452052 ], [ 139.77078057998486, 35.594526166981929 ], [ 139.77078940514022, 35.594530678485334 ], [ 139.77079712741488, 35.594534288031184 ], [ 139.770816432684, 35.594543852724186 ], [ 139.77082691293745, 35.594548725637225 ], [ 139.77083353163252, 35.594552334608359 ], [ 139.77085747034855, 35.594563974882206 ], [ 139.77086651510854, 35.59456992870922 ], [ 139.77088041591659, 35.594575524498161 ], [ 139.77090964876786, 35.594591133597326 ], [ 139.77093369891421, 35.594601421836707 ], [ 139.77094572245096, 35.594608549000014 ], [ 139.77095267244124, 35.594611887720681 ], [ 139.77096392452131, 35.594617662405902 ], [ 139.77097595037017, 35.594621814998057 ], [ 139.7709860984499, 35.594628129940759 ], [ 139.77099624757946, 35.594633092806177 ], [ 139.77100849268183, 35.594639138416227 ], [ 139.77101665655019, 35.594642567899385 ], [ 139.77102526185291, 35.59464599        ﾓpﾘ ? �j葩ﾐ毫鎔ﾂｿｧｸ場ｼ>降�框�Q磔9�(ｦ�9-榘#ｯ変�1ｵｬ��啝ﾎW�#ﾖrｾ^�=ﾐZｵZiﾟ�ﾔ｢ﾏ8枋ﾚ_{�7�ﾟ}麹wｲﾖp�蓄�ｪ#kﾁkﾑ/_ｳ���y暝HkﾑgﾞｰRkﾉ{ﾕ�(k甥~ﾖRw)﨧ｵﾄ$ｬ��X��ｳ�<fｭ蹼釮Bu@ｱｷh��ﾋﾖyﾀY]q�{�q�#ｑ嗔ｴ�;�髟z�刃BLﾔｱ F�<囃
､任�
ｽ*咼iJ�8:Hｮ@��a倒>$哈�撈攜ｳ3ｻ�ZｿCﾘ7!�j�@�礼x9(譓��:踉7C杦ｸﾓkA怎輊ﾄ9q雑�辷ﾄ9$q鯖怎遞ﾄ9,q錆�#{][G�%��b礙]ｱ'OP�銘�ｺﾒ悊ﾄｿ�ｴ+��7ｫｺ^i?琮`箏ﾊ畚��R取2ﾞ2鵯|ｩ伀^ﾏ刳~_�ｬ廴ｾｿ;�扈筺4ｺ|u奝�48�vC~油�tﾃ?X��Uvﾃ�rｺ1�F笶ﾝt�?0��鞜荵帶ﾃ需�Gﾞ�#Zﾏ峺�#7ucｿ