町丁目,世帯数[世帯],男[人],女[人],総数[人]
両国一丁目,890,694,713,1407
両国二丁目,1235,1016,980,1996
両国三丁目,1204,873,960,1833
両国四丁目,1190,949,954,1903
千歳一丁目,881,752,759,1511
千歳二丁目,589,521,450,971
千歳三丁目,1239,994,1027,2021
緑一丁目,1693,1486,1354,2840
緑二丁目,1715,1620,1697,3317
緑三丁目,1402,1314,1213,2527
緑四丁目,2437,2073,1927,4000
立川一丁目,807,603,619,1222
立川二丁目,847,695,664,1359
立川三丁目,980,820,838,1658
立川四丁目,885,716,640,1356
菊川一丁目,839,754,809,1563
菊川二丁目,1346,1060,1163,2223
菊川三丁目,2085,1787,1908,3695
江東橋一丁目,932,711,734,1445
江東橋二丁目,1365,1148,1088,2236
江東橋三丁目,575,404,344,748
江東橋四丁目,1739,1225,1360,2585
江東橋五丁目,1644,1476,1516,2992
横網一丁目,133,155,144,299
横網二丁目,729,603,603,1206
亀沢一丁目,1199,1033,1036,2069
亀沢二丁目,922,812,923,1735
亀沢三丁目,980,1002,913,1915
亀沢四丁目,1407,1254,1242,2496
石原一丁目,1491,1230,1266,2496
石原二丁目,1290,1173,1156,2329
石原三丁目,1634,1510,1301,2811
石原四丁目,1438,1360,1283,2643
本所一丁目,1562,1453,1446,2899
本所二丁目,892,811,842,1653
本所三丁目,1022,911,945,1856
本所四丁目,1227,1133,1110,2243
東駒形一丁目,763,615,628,1243
東駒形二丁目,868,792,771,1563
東駒形三丁目,854,751,729,1480
東駒形四丁目,1393,1224,1198,2422
吾妻橋一丁目,1283,1001,1076,2077
吾妻橋二丁目,862,679,692,1371
吾妻橋三丁目,848,796,840,1636
錦糸一丁目,1294,977,967,1944
錦糸二丁目,443,355,322,677
錦糸三丁目,476,377,368,745
錦糸四丁目,986,876,908,1784
太平一丁目,1810,1724,1719,3443
太平二丁目,957,779,705,1484
太平三丁目,790,649,632,1281
太平四丁目,2565,2319,2474,4793
横川一丁目,763,833,722,1555
横川二丁目,874,748,655,1403
横川三丁目,647,592,541,1133
横川四丁目,767,680,629,1309
横川五丁目,1362,1217,1539,2756
業平一丁目,1494,1399,1552,2951
業平二丁目,818,699,641,1340
業平三丁目,860,669,687,1356
業平四丁目,1114,910,986,1896
業平五丁目,1164,1087,1198,2285
向島一丁目,1261,1094,1045,2139
向島二丁目,1390,1226,1267,2493
向島三丁目,2183,1929,1915,3844
向島四丁目,1309,1287,1323,2610
向島五丁目,2346,2062,2004,4066
東向島一丁目,1637,1510,1500,3010
東向島二丁目,2717,2418,2519,4937
東向島三丁目,1631,1605,1695,3300
東向島四丁目,1898,1706,1749,3455
東向島五丁目,2043,1840,1990,3830
東向島六丁目,2798,2655,2672,5327
堤通一丁目,1143,1258,1169,2427
堤通二丁目,2081,1945,2425,4370
墨田一丁目,1262,1393,1515,2908
墨田二丁目,2009,2012,1938,3950
墨田三丁目,1900,1851,1824,3675
墨田四丁目,2469,2355,2508,4863
墨田五丁目,1508,1430,1389,2819
押上一丁目,1284,1050,1151,2201
押上二丁目,2074,1887,2015,3902
押上三丁目,2232,2181,2057,4238
京島一丁目,3544,3354,3582,6936
京島二丁目,1007,974,861,1835
京島三丁目,2365,2208,2138,4346
文花一丁目,2928,2600,3168,5768
文花二丁目,1166,1112,1123,2235
文花三丁目,1190,1359,1368,2727
八広一丁目,1756,1716,1616,3332
八広二丁目,2040,2086,2052,4138
八広三丁目,1757,1732,1687,3419
八広四丁目,2026,2090,1989,4079
八広五丁目,1550,1466,1463,2929
八広六丁目,2002,2017,1931,3948
立花一丁目,3350,3036,3198,6234
立花二丁目,861,776,736,1512
立花三丁目,1418,1343,1374,2717
立花四丁目,1795,1861,1808,3669
立花五丁目,1838,2073,2016,4089
立花六丁目,1157,1137,1238,2375
東墨田一丁目,80,91,66,157
東墨田二丁目,675,663,604,1267
東墨田三丁目,408,437,387,824
55町丁目,世帯数[世帯],男[人],女[人],総数[人]
両国一丁目,898,697,719,1416
両国二丁目,1230,1015,983,1998
両国三丁目,1199,869,955,1824
両国四丁目,1199,956,964,1920
千歳一丁目,882,748,761,1509
千歳二丁目,594,520,453,973
千歳三丁目,1231,987,1016,2003
緑一丁目,1693,1491,1356,2847
緑二丁目,1710,1617,1691,3308
緑三丁目,1404,1315,1215,2530
緑四丁目,2446,2075,1936,4011
立川一丁目,805,601,622,1223
立川二丁目,843,694,663,1357
立川三丁目,982,818,836,1654
立川四丁目,878,710,635,1345
菊川一丁目,845,759,808,1567
菊川二丁目,1344,1063,1160,2223
菊川三丁目,2071,1775,1897,3672
江東橋一丁目,930,708,731,1439
江東橋二丁目,1360,1151,1083,2234
江東橋三丁目,573,400,346,746
江東橋四丁目,1739,1222,1365,2587
江東橋五丁目,1635,1465,1515,2980
横網一丁目,134,156,144,300
横網二丁目,719,601,590,1191
亀沢一丁目,1186,1027,1026,2053
亀沢二丁目,922,812,919,1731
亀沢三丁目,976,994,918,1912
亀沢四丁目,1407,1263,1243,2506
石原一丁目,1493,1235,1267,2502
石原二丁目,1289,1174,1166,2340
石原三丁目,1640,1517,1303,2820
石原四丁目,1425,1346,1275,2621
本所一丁目,1549,1456,1435,2891
本所二丁目,891,812,836,1648
本所三丁目,1015,913,938,1851
本所四丁目,1235,1140,1121,2261
東駒形一丁目,767,617,624,1241
東駒形二丁目,869,793,776,1569
東駒形三丁目,855,752,730,1482
東駒形四丁目,1403,1228,1201,2429
吾妻橋一丁目,1279,995,1076,2071
吾妻橋二丁目,865,686,694,1380
吾妻橋三丁目,848,797,847,1644
錦糸一丁目,1290,976,962,1938
錦糸二丁目,447,363,331,694
錦糸三丁目,478,376,372,748
錦糸四丁目,988,873,905,1778
太平一丁目,1803,1728,1706,3434
太平二丁目,963,778,708,1486
太平三丁目,793,647,631,1278
太平四丁目,2558,2321,2476,4797
横川一丁目,762,832,719,1551
横川二丁目,875,744,654,1398
横川三丁目,650,592,548,1140
横川四丁目,766,681,631,1312
横川五丁目,1362,1217,1539,2756
業平一丁目,1498,1405,1560,2965
業平二丁目,812,697,635,1332
業平三丁目,865,667,690,1357
業平四丁目,1113,917,985,1902
業平五丁目,1162,1083,1193,2276
向島一丁目,1263,1100,1045,2145
向島二丁目,1388,1223,1263,2486
向島三丁目,2139,1877,1846,3723
向島四丁目,1313,1295,1327,2622
向島五丁目,2346,2060,2002,4062
東向島一丁目,1636,1505,1496,3001
東向島二丁目,2718,2414,2520,4934
東向島三丁目,1633,1607,1699,3306
東向島四丁目,1895,1707,1748,3455
東向島五丁目,2046,1851,1989,3840
東向島六丁目,2791,2658,2662,5320
堤通一丁目,1148,1263,1170,2433
堤通二丁目,2082,1944,2427,4371
墨田一丁目,1259,1392,1517,2909
墨田二丁目,2006,2015,1932,3947
墨田三丁目,1894,1847,1818,3665
墨田四丁目,2469,2351,2515,4866
墨田五丁目,1508,1434,1387,2821
押上一丁目,1284,1050,1159,2209
押上二丁目,2065,1881,2013,3894
押上三丁目,2236,2180,2056,4236
京島一丁目,3526,3348,3571,6919
京島二丁目,1003,970,863,1833
京島三丁目,2364,2208,2137,4345
文花一丁目,2928,2597,3163,5760
文花二丁目,1161,1108,1117,2225
文花三丁目,1189,1361,1372,2733
八広一丁目,1758,1718,1612,3330
八広二丁目,2037,2088,2051,4139
八広三丁目,1759,1733,1692,3425
八広四丁目,2022,2076,1972,4048
八広五丁目,1548,1463,1460,2923
八広六丁目,1994,2006,1928,3934
立花一丁目,3355,3050,3203,6253
立花二丁目,868,782,739,1521
立花三丁目,1419,1346,1375,2721
立花四丁目,1807,1872,1817,3689
立花五丁目,1828,2067,2020,4087
立花六丁目,1158,1138,1239,2377
東墨田一丁目,80,91,66,157
東墨田二丁目,665,656,596,1252
東墨田三丁目,413,440,388,828
�"	|�ｱ�+�j�_hﾎq�ｯ�?ﾙ�3ｯﾍｮP}9�<�ﾎｾ|ｿﾅWg韃ｳ9Vﾅｷ顋s琪ﾌﾄ\ﾜ(`9^ｳ|ﾔ煖躊Yﾗﾐｶ�?�ﾈﾔｫe��譿ｹ柧ﾇｺｭKﾟﾊw>1+vw51ﾗY�ｪ�|nVﾌ�4_�ﾅﾟﾊ･擱/ﾌ:ｯｧｽmｼ沁ｹ:ｧﾝﾝ佛�ｮ夐�'跿Wｱ､oﾏﾒ�ｯ&6説^�慧K捜5Mｷｫ｢;L:ﾛﾛ2^2Z�5��0弴mﾛ冉#Wｴｿn孛ぁｷｦﾝﾙﾜf]ﾓ|jJ�6S�ﾛ韃澱�ﾛ&ｷﾅZ��蟹o穃�g{沮吮釡FNO襌mｩﾂｧﾁﾍ↓ｩ|nOTY漱ﾞ｢
~ｦ�WMeｾ���ﾑUｾS�ｻ6ﾁ�3ﾚOｫ簓ﾒ�朸ﾎ�/榻�_ｼ:ﾈ:ﾇ>ﾋ 擶*ﾓA:ﾐｷrﾎNﾆ:�/z3ﾖ�*���ﾘﾀc�+vR復�wｫ籟bｷ1� �慵�U���.ﾆﾟｨ+厳翁zｫｷZm�Awﾙc_ﾁｶo/dｿU陰ﾉﾝ4��\ﾅﾟｾu}{('ｸ諺ｴ｣�a��ﾙ㈱昕xﾎ鉑dﾕﾝﾕ>}ｫ}g�]�銈5ｾo�jz�"=｡
ｽ'ｸR｣	ﾞｿｶ染ｮ�>s1^わ{=�=弡XｿｽQ�ｫbmﾞﾄｬ"ｧﾜﾁｮIp%V^ﾟ7ｫFﾏ瑯jz�ﾚｷ-�?�/跿�*tq+|mｸgﾇ'ｸR罘ﾀ~RﾍOﾟﾏOpy?ﾒｾ殺ｮ]Eｧ黏湎ｷoﾙ}.炫ｪ/ﾌｵﾓ7ｿM腿2ｯﾕ�ｽ鋐j?ﾟ胛\5>ﾘ罸l�>伝ﾟﾊ~�伹5�p7{ｺ��n恬nｹv韆ｳﾝO	<�aｦ'ﾖ�.ﾌ�跿�ｱa杦z3ﾞﾆ�/Utﾏ｡ｼｼ/ｸ2ｼ甃ﾑ7ﾗlｯ1ｮﾟ�ﾞ�-ﾉ驩yｹKQ��№^ﾐ� =ｵMp聆�1~ｮ4ｷJｼｱ:跛ﾎp5;0ﾁ=ﾓ�}��黑ﾔ�潭C5鸙	ｮﾜ･ｮ懐9�?}0p'N7ﾄﾎｽ?��列恋a"艦ｾ�ｪｱ∠'幔=!桄ｷﾙjS5�|ﾃ朖oW(`俍�i晶5\�贖��ﾞGWｳGv｣ｿ璞ｻ�顯�b-飯�oｪf?�招ﾏｻvﾑ釗萍｣童]�ｷ挙�ｳ]猪]繒7ｹ\ﾞ�
\ｫ-Rｴ�pｱ7ﾆﾏt釡|W#7#ｭｿRｾﾆ]ね菶鐐ｲr>�        =eb� ｡ �89, 35.606773197868982 ], [ 139.75614833222312, 35.606773437186391 ], [ 139.75614480697445, 35.606766404143045 ], [ 139.75613537264638, 35.606706095594511 ], [ 139.7561333284267, 35.606651019799259 ], [ 139.75613262974807, 35.606574041264501 ], [ 139.75613221361911, 35.606547630482993 ], [ 139.75612227989291, 35.606547624118484 ], [ 139.75612097025081, 35.60664704579731 ], [ 139.75599646739522, 35.606646965957836 ], [ 139.75598685072774, 35.606661562186133 ], [ 139.75599553122393, 35.606702220119175 ], [ 139.75599848098921