町丁目,世帯数[世帯],男[人],女[人],総数[人]
両国一丁目,983,736,766,1502
両国二丁目,1350,1068,1076,2144
両国三丁目,1249,928,987,1915
両国四丁目,1291,998,981,1979
千歳一丁目,1003,829,855,1684
千歳二丁目,614,526,497,1023
千歳三丁目,1428,1191,1191,2382
緑一丁目,1821,1548,1435,2983
緑二丁目,1794,1641,1738,3379
緑三丁目,1590,1421,1358,2779
緑四丁目,2705,2297,2193,4490
立川一丁目,896,636,704,1340
立川二丁目,886,705,687,1392
立川三丁目,1016,824,850,1674
立川四丁目,1015,784,768,1552
菊川一丁目,966,810,887,1697
菊川二丁目,1444,1084,1235,2319
菊川三丁目,2221,1879,1968,3847
江東橋一丁目,960,737,736,1473
江東橋二丁目,1425,1191,1131,2322
江東橋三丁目,623,455,325,780
江東橋四丁目,1790,1282,1323,2605
江東橋五丁目,1699,1523,1541,3064
横網一丁目,143,164,152,316
横網二丁目,705,599,593,1192
亀沢一丁目,1228,1043,1073,2116
亀沢二丁目,1031,875,1028,1903
亀沢三丁目,1051,1092,1026,2118
亀沢四丁目,1501,1322,1314,2636
石原一丁目,1562,1245,1282,2527
石原二丁目,1465,1297,1274,2571
石原三丁目,1754,1589,1395,2984
石原四丁目,1489,1355,1319,2674
本所一丁目,1638,1489,1468,2957
本所二丁目,919,796,854,1650
本所三丁目,1025,914,916,1830
本所四丁目,1382,1244,1185,2429
東駒形一丁目,813,646,633,1279
東駒形二丁目,843,758,760,1518
東駒形三丁目,921,761,768,1529
東駒形四丁目,1417,1183,1230,2413
吾妻橋一丁目,1349,1026,1134,2160
吾妻橋二丁目,929,691,760,1451
吾妻橋三丁目,872,788,856,1644
錦糸一丁目,1410,1053,1060,2113
錦糸二丁目,464,368,308,676
錦糸三丁目,476,376,348,724
錦糸四丁目,1032,896,940,1836
太平一丁目,1862,1742,1760,3502
太平二丁目,945,776,666,1442
太平三丁目,875,689,699,1388
太平四丁目,2686,2379,2481,4860
横川一丁目,798,845,740,1585
横川二丁目,931,797,696,1493
横川三丁目,671,577,567,1144
横川四丁目,767,673,621,1294
横川五丁目,1449,1265,1636,2901
業平一丁目,1542,1442,1579,3021
業平二丁目,800,692,639,1331
業平三丁目,863,678,688,1366
業平四丁目,1183,912,1028,1940
業平五丁目,1162,1089,1188,2277
向島一丁目,1337,1085,1108,2193
向島二丁目,1562,1294,1406,2700
向島三丁目,2565,2230,2234,4464
向島四丁目,1333,1273,1323,2596
向島五丁目,2583,2199,2131,4330
東向島一丁目,1662,1532,1463,2995
東向島二丁目,2877,2448,2622,5070
東向島三丁目,1667,1664,1722,3386
東向島四丁目,1944,1718,1797,3515
東向島五丁目,2149,1854,2021,3875
東向島六丁目,2980,2733,2748,5481
堤通一丁目,1184,1197,1153,2350
堤通二丁目,2084,1892,2370,4262
墨田一丁目,1454,1514,1680,3194
墨田二丁目,2006,1943,1968,3911
墨田三丁目,2019,1850,1847,3697
墨田四丁目,2458,2347,2443,4790
墨田五丁目,1567,1417,1425,2842
押上一丁目,1338,1053,1157,2210
押上二丁目,2038,1806,1975,3781
押上三丁目,2302,2190,2155,4345
京島一丁目,3632,3404,3708,7112
京島二丁目,988,940,856,1796
京島三丁目,2318,2160,2049,4209
文花一丁目,2976,2586,3117,5703
文花二丁目,1300,1162,1223,2385
文花三丁目,1210,1376,1337,2713
八広一丁目,1827,1724,1646,3370
八広二丁目,2119,2098,2072,4170
八広三丁目,1861,1844,1724,3568
八広四丁目,2168,2150,2144,4294
八広五丁目,1603,1463,1497,2960
八広六丁目,2103,2063,1982,4045
立花一丁目,3453,3070,3262,6332
立花二丁目,884,780,761,1541
立花三丁目,1629,1480,1523,3003
立花四丁目,1872,1862,1825,3687
立花五丁目,1883,2117,2069,4186
立花六丁目,1173,1120,1243,2363
東墨田一丁目,81,90,60,150
東墨田二丁目,731,704,640,1344
東墨田三丁目,403,431,397,828
139.7町丁目,世帯数[世帯],男[人],女[人],総数[人]
両国一丁目,1013,759,781,1540
両国二丁目,1349,1074,1067,2141
両国三丁目,1244,922,985,1907
両国四丁目,1287,986,995,1981
千歳一丁目,985,825,840,1665
千歳二丁目,625,541,496,1037
千歳三丁目,1424,1186,1199,2385
緑一丁目,1803,1551,1425,2976
緑二丁目,1749,1613,1708,3321
緑三丁目,1566,1416,1336,2752
緑四丁目,2599,2217,2095,4312
立川一丁目,886,635,696,1331
立川二丁目,881,704,683,1387
立川三丁目,1005,823,849,1672
立川四丁目,947,750,728,1478
菊川一丁目,962,811,887,1698
菊川二丁目,1420,1081,1214,2295
菊川三丁目,2224,1878,1984,3862
江東橋一丁目,961,734,742,1476
江東橋二丁目,1433,1199,1121,2320
江東橋三丁目,620,447,329,776
江東橋四丁目,1749,1244,1340,2584
江東橋五丁目,1660,1497,1524,3021
横網一丁目,144,166,152,318
横網二丁目,713,611,599,1210
亀沢一丁目,1231,1054,1070,2124
亀沢二丁目,1032,874,1032,1906
亀沢三丁目,1047,1089,1024,2113
亀沢四丁目,1488,1319,1306,2625
石原一丁目,1571,1263,1274,2537
石原二丁目,1454,1286,1286,2572
石原三丁目,1721,1559,1382,2941
石原四丁目,1481,1354,1310,2664
本所一丁目,1642,1501,1480,2981
本所二丁目,912,795,844,1639
本所三丁目,1035,921,915,1836
本所四丁目,1355,1236,1154,2390
東駒形一丁目,812,647,633,1280
東駒形二丁目,840,758,764,1522
東駒形三丁目,906,755,760,1515
東駒形四丁目,1415,1203,1230,2433
吾妻橋一丁目,1318,1010,1118,2128
吾妻橋二丁目,924,686,759,1445
吾妻橋三丁目,880,802,858,1660
錦糸一丁目,1406,1063,1051,2114
錦糸二丁目,467,373,309,682
錦糸三丁目,468,372,344,716
錦糸四丁目,1020,885,941,1826
太平一丁目,1837,1730,1746,3476
太平二丁目,940,768,665,1433
太平三丁目,849,678,682,1360
太平四丁目,2673,2379,2474,4853
横川一丁目,794,850,743,1593
横川二丁目,924,789,691,1480
横川三丁目,670,579,572,1151
横川四丁目,771,674,617,1291
横川五丁目,1461,1278,1647,2925
業平一丁目,1509,1415,1569,2984
業平二丁目,817,703,649,1352
業平三丁目,864,682,691,1373
業平四丁目,1176,913,1029,1942
業平五丁目,1149,1079,1184,2263
向島一丁目,1334,1094,1109,2203
向島二丁目,1554,1293,1402,2695
向島三丁目,2527,2205,2209,4414
向島四丁目,1330,1277,1314,2591
向島五丁目,2570,2185,2131,4316
東向島一丁目,1642,1529,1454,2983
東向島二丁目,2851,2464,2604,5068
東向島三丁目,1654,1653,1725,3378
東向島四丁目,1912,1712,1780,3492
東向島五丁目,2116,1842,2007,3849
東向島六丁目,2985,2750,2743,5493
堤通一丁目,1159,1192,1152,2344
堤通二丁目,2076,1902,2370,4272
墨田一丁目,1451,1519,1675,3194
墨田二丁目,1993,1939,1963,3902
墨田三丁目,2005,1850,1840,3690
墨田四丁目,2440,2339,2444,4783
墨田五丁目,1548,1406,1404,2810
押上一丁目,1310,1036,1153,2189
押上二丁目,2039,1818,1980,3798
押上三丁目,2300,2204,2138,4342
京島一丁目,3593,3396,3684,7080
京島二丁目,987,943,849,1792
京島三丁目,2310,2151,2060,4211
文花一丁目,2946,2581,3114,5695
文花二丁目,1301,1162,1229,2391
文花三丁目,1204,1372,1338,2710
八広一丁目,1834,1722,1646,3368
八広二丁目,2093,2080,2067,4147
八広三丁目,1861,1851,1729,3580
八広四丁目,2126,2123,2118,4241
八広五丁目,1587,1453,1497,2950
八広六丁目,2076,2046,1971,4017
立花一丁目,3427,3054,3251,6305
立花二丁目,896,788,759,1547
立花三丁目,1636,1488,1539,3027
立花四丁目,1861,1848,1815,3663
立花五丁目,1887,2135,2067,4202
立花六丁目,1174,1124,1241,2365
東墨田一丁目,78,88,59,147
東墨田二丁目,731,710,643,1353
東墨田三丁目,404,433,399,832
614461438, 35.607857860506627 ], [ 139.76178113966361, 35.60785082081351 ], [ 139.76177120978835, 35.607846308003836 ], [ 139.76176337738937, 35.607841435886087 ], [ 139.76175234511598, 35.607835390069667 ], [ 139.7617391045913, 35.607830154184605 ], [ 139.76172542473094, 35.607822484303973 ], [ 139.76171604562023, 35.607819233752679 ], [ 139.76170721951743, 35.607814721593712 ], [ 139.76169309775509, 35.607807502138023 ], [ 139.76168074201877, 35.607800283730796 ], [ 139.76167301888091, 35.607796673607758 ], [ 139.76165779464654, 35.607788011280107 ], [ 139.76163484446667, 35.607778893662527 ], [ 139.76161973142055, 35.60        �Iﾖ P �139.77107874376298, 35.62134434805666 ], [ 139.77106108131571, 35.621343347410289 ], [ 139.77105236101153, 35.62134217110799 ], [ 139.77104319654086, 35.621344329683772 ], [ 139.77103878080678, 35.621344237262669 ], [ 139.77102984174022, 35.621340446841785 ], [ 139.77102697894918, 35.621330800588503 ], [ 139.77102532505066, 35.62132818572934 ], [ 139.77101340958561, 35.621318895346008 ], [ 139.77100501942081, 35.621319071282009 ], [ 139.77099375303791, 35.621326907464706 ], [ 139.77098503091736, 35.621328074746252 ], [ 139.77097642017134, 35.621327980151911 ], [ 139.77096626865338, 35.621321755371035 ], [ 139.77096395112684, 35.621320762652658 ], [ 139.77096163360034, 35.621319769934232 ], [ 139.77095688976246, 35.621315711265439 ], [ 139.77094574658241, 35.62130705224169 ], [ 139.77094298936674, 35.621303625567492 ], [ 139.77093648103067, 35.621297222394475 ], [ 139.77092975442662, 35.621287574137732 ], [ 139.7709220297167, 35.62128378433777 ], 