町丁目,世帯数[世帯],男[人],女[人],総数[人]
両国一丁目,977,741,757,1498
両国二丁目,1359,1077,1083,2160
両国三丁目,1267,927,1008,1935
両国四丁目,1328,1038,990,2028
千歳一丁目,1009,835,863,1698
千歳二丁目,623,533,497,1030
千歳三丁目,1435,1200,1208,2408
緑一丁目,1852,1562,1459,3021
緑二丁目,1799,1647,1738,3385
緑三丁目,1606,1428,1375,2803
緑四丁目,2791,2359,2240,4599
立川一丁目,890,632,702,1334
立川二丁目,891,714,693,1407
立川三丁目,1024,835,851,1686
立川四丁目,1041,797,796,1593
菊川一丁目,985,820,898,1718
菊川二丁目,1448,1082,1240,2322
菊川三丁目,2246,1892,1978,3870
江東橋一丁目,969,746,741,1487
江東橋二丁目,1437,1187,1149,2336
江東橋三丁目,630,455,325,780
江東橋四丁目,1798,1295,1319,2614
江東橋五丁目,1688,1517,1534,3051
横網一丁目,145,164,149,313
横網二丁目,716,609,598,1207
亀沢一丁目,1230,1040,1078,2118
亀沢二丁目,1044,880,1038,1918
亀沢三丁目,1049,1087,1019,2106
亀沢四丁目,1510,1337,1325,2662
石原一丁目,1568,1246,1295,2541
石原二丁目,1464,1292,1273,2565
石原三丁目,1742,1581,1392,2973
石原四丁目,1503,1367,1327,2694
本所一丁目,1620,1476,1461,2937
本所二丁目,912,789,850,1639
本所三丁目,1047,922,922,1844
本所四丁目,1399,1259,1194,2453
東駒形一丁目,817,645,648,1293
東駒形二丁目,851,762,763,1525
東駒形三丁目,928,763,762,1525
東駒形四丁目,1438,1191,1247,2438
吾妻橋一丁目,1356,1028,1139,2167
吾妻橋二丁目,929,688,759,1447
吾妻橋三丁目,876,796,864,1660
錦糸一丁目,1404,1053,1053,2106
錦糸二丁目,468,372,308,680
錦糸三丁目,491,388,352,740
錦糸四丁目,1023,899,934,1833
太平一丁目,1908,1765,1780,3545
太平二丁目,948,788,662,1450
太平三丁目,879,697,691,1388
太平四丁目,2691,2370,2495,4865
横川一丁目,814,863,756,1619
横川二丁目,936,797,707,1504
横川三丁目,675,584,560,1144
横川四丁目,766,668,619,1287
横川五丁目,1455,1260,1632,2892
業平一丁目,1552,1441,1591,3032
業平二丁目,806,697,637,1334
業平三丁目,857,680,686,1366
業平四丁目,1202,923,1030,1953
業平五丁目,1172,1089,1197,2286
向島一丁目,1333,1088,1095,2183
向島二丁目,1577,1304,1424,2728
向島三丁目,2577,2228,2250,4478
向島四丁目,1355,1286,1341,2627
向島五丁目,2589,2203,2140,4343
東向島一丁目,1693,1559,1495,3054
東向島二丁目,2877,2453,2614,5067
東向島三丁目,1654,1657,1709,3366
東向島四丁目,1969,1729,1819,3548
東向島五丁目,2132,1848,2011,3859
東向島六丁目,2961,2712,2748,5460
堤通一丁目,1190,1207,1152,2359
堤通二丁目,2085,1889,2374,4263
墨田一丁目,1460,1520,1679,3199
墨田二丁目,2003,1933,1969,3902
墨田三丁目,2042,1857,1851,3708
墨田四丁目,2461,2357,2446,4803
墨田五丁目,1584,1433,1435,2868
押上一丁目,1355,1061,1169,2230
押上二丁目,2020,1798,1955,3753
押上三丁目,2322,2199,2173,4372
京島一丁目,3633,3413,3700,7113
京島二丁目,991,947,851,1798
京島三丁目,2347,2173,2068,4241
文花一丁目,2986,2576,3121,5697
文花二丁目,1307,1161,1232,2393
文花三丁目,1212,1374,1338,2712
八広一丁目,1836,1725,1661,3386
八広二丁目,2112,2089,2065,4154
八広三丁目,1870,1856,1722,3578
八広四丁目,2165,2156,2129,4285
八広五丁目,1605,1471,1487,2958
八広六丁目,2101,2069,1975,4044
立花一丁目,3479,3076,3280,6356
立花二丁目,887,786,767,1553
立花三丁目,1626,1483,1523,3006
立花四丁目,1873,1863,1816,3679
立花五丁目,1887,2123,2076,4199
立花六丁目,1187,1122,1249,2371
東墨田一丁目,81,89,60,149
東墨田二丁目,743,709,646,1355
東墨田三丁目,399,427,396,823
立花三丁目,16733137 ], [ 139.72404841450418, 35.604884000940785 ], [ 139.72404631865518, 35.604883097657321 ], [ 139.72404411243392, 35.604882194273735 ], [ 139.724043561185, 35.604881743082409 ], [ 139.72403329569866, 35.604882364739858 ], [ 139.72402346471378, 35.604888124672208 ], [ 139.72401649703374, 35.604898574391484 ] ] ] } },
{ "type": "Feature", "properties": { "SAFIELD000": 33904, "SAFIELD001": 45112, "SAFIELD002": 1, "SAFIELD003": 32.0 }, "geometry": { "type": "Polygon", "coordinates": [ [ [ 139.72350880039582, 35.604886214512028 ], [ 139.72351177342881, 35.604891355103113 ], [ 139.72351927222181, 35.604896139265357 ], [ 139.72352413008369, 35.604895062032831 ], [ 139.72352755507512, 35.604892541282091 ], [ 139.72353518283569, 35.604883714681478 ], [ 139.72354346593326, 35.604879936420787 ], [ 139.72354810009415, 35.604881022302074 ], [ 139.72355912981868, 35.604886530784782 ], [ 139.72356508783287, 35.604888068562737 ], [ 139.7235743554177, 35.60489078115242 ], [ 139.72358340767425, 35.604889527461225 ], [ 139.72358716230366, 35.604888088668297 ], [ 139.72359124854231, 35.60488628962414 ], [ 139.72359488787615, 35.604888456256923 ], [ 139.72359586461261, 35.604900625813379 ], [ 139.72360435282488, 35.60490829529607 ], [ 139.72362155885818, 35.604917144513003 ], [ 139.72363280601567, 35.604925086920289 ], [ 139.72363744362508, 35.604923648929613 ], [ 139.72364252875192, 35.604917794570703 ], [ 139.72364783757513, 35.604909777096601 ], [ 139.72364894498935, 35.604907073956362 ], [ 139.72365016339094, 35.604903920225766 ], [ 139.72364851186472, 35.604900944159503 ], [ 139.72364167443664, 35.60489679157525 ], [ 139.72363065097971, 35.60488668605381 ], [ 139.72362248760908, 35.604883613920663 ], [ 139.72361708342461, 35.604880634437421 ], [ 139.72361300210895, 35.604878827955964 ], [ 139.72360041892364, 35.604879357327967 ], [ 139.72359026823744, 35.604876734074324 ], [ 139.72358387082673, 35.60487366354679 ], [ 139.7235733925946, 35.604868425983462 ], [ 139.72356092421498, 35.604865710478037 ], [ 139.72354977734909, 35.604865159493841 ], [ 139.72354237944833, 35.604867316072529 ], [ 139.72353885073545, 35.604864969262387 ], [ 139.72353697674561, 35.604863254927729 ], [ 139.72352604914704, 35.604863785800411 ], [ 139.72351864237837, 35.604872432325315 ], [ 139.72350880039582, 35.604886214512028 ] ] ] } },
{ "type": "Feature", "properties": { "SAFIELD000": 33905, "SAFIELD001": 45084, "SAFIELD002": 1, "SAFIELD003": 28.0 }, "geometry": { "type": "Polygon", "coordinates": [ [ [ 139.72386325242624, 35.604933499066505 ], [ 139.72386711067287, 35.604937017964041 ], [ 139.7238707548043, 35.604935669200174 ], [ 139.72387804662662, 35.604930357665417 ], [ 139.72389242106115, 35.604911261406812 ], [ 139.72389463108638, 35.604909370510143 ], [ 139.72389849718815, 35.604907120564285 ], [ 139.72390280392014, 35.604905501986345 ], [ 139.72390490222259, 35.604904602509045 ], [ 139.72390931932668, 35.604902984031106 ], [ 139.7239131889865, 35.604898120078055 ], [ 139.72391595381782, 35.604894066366164 ], [ 139.72391729914716, 35.604878744081041 ], [ 139.72392281985029, 35.604877216742906 ], [ 139.72392601893031, 35.604878481583249 ], [ 139.7239351712463, 35.604884799571529 ], [ 139.72393925625016, 35.604883901897189 ], [ 139.72394543955534, 35.604882104744703 ], [ 139.72395327280253, 35.604884455450133 ], [ 139.72395668870269, 35.604888604911245 ], [ 139.72395458696647, 35.604892028258021 ], [ 139.72395248523006, 35.604895451604747 ], [ 139.72395237105488, 35.604898245787616 ], [ 139.72395843687389, 35.604901676547726 ], [ 139.72396440004854, 35.60489942850311 ], [ 139.72396992663951, 35.604893574530998 ], [ 139.72396794692833, 35.604888434852676 ], [ 139.7239637603837, 35.604882842480066 ], [ 139.72396775083726, 35.604870316881524 ], [ 139.72396268573078, 35.604861478733625 ], [ 139.72395705895053, 35.604859851137689 ], [ 139.7239497691026, 35.604863720466703 ], [ 139.72394203641514, 35.604868580914285 ], [ 139.72393795435664, 35.604867315272806 ], [ 139.72392705044126, 35.604850449516313 ], [ 139.72391855631415, 35.604847106688077 ], [ 139.72391778456705, 35.604846475019428 ], [ 139.72391171335434, 35.604847010336449 ], [ 139.72390640996144, 35.604851061743119 ], [ 139.72390430650591, 35.604855747023322 ], [ 139.72390373672624, 35.604868906694023 ], [ 139.72390615718587, 35.604874587603298 ], [ 139.72390427803344, 35.604876659077185 ], [ 139.72389322938483, 35.60488503190313 ], [ 139.72389090444648, 35.604890257811569 ], [ 139.72388945745428, 35.604899180186557 ], [ 139.72388337874966, 35.604905213930053 ], [ 139.72387563942524, 35.604914941834103 ], [ 139.72386580204108, 35.604925388937978 ], [ 139.72386325242624, 35.604933499066505 ] ] ] } },
{ "type": "Feature", "properties": { "SAFIELD000": 35460, "SAFIELD001": 43987, "SAFIELD002": 1, "SAFIELD003": 1.0 }, "geometry": { "type": "Polygon", "coordinates": [ [ [ 139.72308217401448, 35.60539573713676 ], [ 139.72308548038373, 35.605399255554119 ], [ 139.72309198955023, 35.605401334689176 ], [ 139.72309618656999, 35.605399265348552 ], [ 139.72309718759274, 35.605393677691787 ], [ 139.72309377258111, 35.605388897239635 ], [ 139.72309079498186, 35.60538709175033 ], [ 139.72309024385851, 35.605386550416533 ], [ 139.72308549472675, 35.605388799528392 ], [ 139.72308217401448, 35.60539573713676 ] ] ] } },
{ "type": "Feature", "properties": { "SAFIELD000": 35461, "SAFIELD001": 43929, "SAFIELD002": 1, "SAFIELD003": 1.0 }, "geometry": { "type": "Polygon", "coordinates": [ [ [ 139.72308899056031, 35.605415123100236 ], [ 139.72308986575547, 35.605420802611647 ], [ 139.72308919832395, 35.605424587808201 ], [ 139.72309361040385, 35.60542666502463 ], [ 139.72309935264815, 35.605424597097482 ], [ 139.72310057664254, 35.60541738715591 ], [ 139.7230942883443, 35.605415218085085 ], [ 139.72309362709495, 35.605414496374053 ], [ 139.72308899056031, 35.605415123100236 ] ] ] } },
{ "type": "Feature", "properties": { "SAFIELD000": 35465, "SAFIELD001": 43544, "SAFIELD002": 1, "SAFIELD003": 79.0 }, "geometry": { "type": "Polygon", "coordinates": [ [ [ 139.72298587572723, 35.605514631503731 ], [ 139.72298951074168, 35.60551995298988 ], [ 139.72299987493491, 35.605527894646954 ], [ 139.72299521389075, 35.60554636872331 ], [ 139.72299774047229, 35.605555114448265 ], [ 139.72299895037091, 35.60555818025702 ], [ 139.72300025158648, 35.605575127441909 ], [ 139.72300929044204, 35.605583698852477 ], [ 139.7230142484562, 35.605590103208186 ], [ 139.72301976390526, 35.605592451852161 ], [ 139.72302815450433, 35.605590837044147 ], [ 139.72303102569506, 35.605589758013139 ], [ 139.7230390907402, 35.605584086684523 ], [ 139.72304726269414, 35.605580939324575 ], [ 139.72305135083536, 35.605577788226775 ], [ 139.72305842523917, 35.605570132948465 ], [ 139.72306593581692, 35.605566354014165 ], [ 139.72308172043299, 35.605565467074165 ], [ 139.72309176637992, 35.605564034052733 ], [ 139.72309915693899, 35.605567285791111 ], [ 139.72311140998065, 35.60556612520179 ], [ 139.72312123975408, 35.60556135686442 ], [ 139.7231237858793, 35.605555860758976 ], [ 139.72312180917262, 35.605548557751781 ], [ 139.72311739943396, 35.605544767911539 ], [ 139.72310658854173, 35.605540611663073 ], [ 139.72309986108974, 35.60553672956388 ], [ 139.7230933525303, 35.605534199738507 ], [ 139.72309092679185, 35.605532394754093 ], [ 139.7230823301681, 35.605523282924594 ], [ 139.7230746119566, 35.605517507013971 ], [ 139.72306800118832, 35.605509027968282 ], [ 139.7230537773921, 35.605498558913595 ], [ 139.72304826194849, 35.605496210271149 ], [ 139.72303855059243, 35.60549511972382 ], [ 139.72303215142179, 35.60549331110137 ], [ 139.7230289518366, 35.60549240679002 ], [ 139.72302840058924, 35.605491955594104 ], [ 139.72302111484581, 35.605492760169206 ], [ 139.72301680707486, 35.605495099820594 ], [ 139.72300819029491, 35.605500680504413 ], [ 139.72299394905923, 35.605502920921964 ], [ 139.72298587572723, 35.605514631503731 ] ] ] } },
{ "type": "Feature", "properties": { "SAFIELD000": 35472, "SAFIELD001": 43137, "SAFIELD002": 1, "SAFIELD003": 1.0 }, "geometry": { "type": "Polygon", "coordinates": [ [ [ 139.7231207479345, 35.605759029623229 ], [ 139.72312404270144, 35.605771021025198 ], [ 139.72313154958701, 35.605769946231398 ], [ 139.72313431745405, 35.605763729222616 ], [ 139.72313200529484, 35.605759580748185 ], [ 139.72312726380548, 35.605756241296355 ], [ 139.72312627180321, 35.605755248868256 ], [ 139.72312284911092, 35.605756056982344 ], [ 139.7231207479345, 35.605759029623229 ] ] ] } },
{ "type": "Feature", "properties": { "SAFIELD000": 35473, "SAFIELD001": 43134, "SAFIELD002": 1, "SAFIELD003": 6.0 }, "geometry": { "type": "Polygon", "coordinates": [ [ [ 139.72313457082984, 35.605739932953504 ], [ 139.72313566974495, 35.605743449350612 ], [ 139.72313985565862, 35.605749492441909 ], [ 139.723141614838, 35.605754451654889 ], [ 139.72314381674758, 35.605758509890059 ], [ 139.72315164313639, 35.605765908383646 ], [ 139.72316322692328, 35.605769885058038 ], [ 139.72317271670229, 35.60577160636057 ], [ 139.72317426539158, 35.605769083905017 m�[N$��桒 �116, 35.610716840364589 ], [ 139.71360962812636, 35.610722249743887 ], [ 139.71361293013541, 35.610728562696991 ], [ 139.71361424341865, 35.610736135608612 ], [ 139.71362174713366, 35.610737585274457 ], [ 139.71362682301836, 35.610738671975241 ], [ 139.71363267774234, 35.610735613093418 ], [ 139.71363301734269, 35.610729934725668 ], [ 139.71362840030184, 35.610717220656205 ], [ 139.7136282940842, 35.610714426267201 ], [ 139.71362951135609, 35.610712354298414 ], [ 139.71363282813653, 35.610708752066238 ], [ 139.71363427570222, 35.610700280515609 ], [ 139.71363946840987, 35.610697040699442 ], [ 139.71364554415936, 35.610693801760156 ], [ 139.71365250456174, 35.610689482041103 ], [ 139.71366177945887, 35.610687508212905 ], [ 139.71367436603239, 35.610685357396314 ], [ 139.71367899878271, 35.61068752531299 ], [ 139.71368318236176, 35.610694830659561 ], [ 139.71369144813374, 35.610703401993732 ], [ 139.71369618817923, 35.610707643194345 ], [ 139.71370313771021, 35.61071062465389 ], [ 139.71371119681493, 35.610709731272969 ], [ 139.7137156133692, 35.610708834275592 ], [ 139.71372223820043, 35.610707488779234 ], [ 139.7137299708595, 35.610703440236819 ], [ 139.71373615725452, 35.610700021126441 ], [ 139.71374267250928, 35.610698134691134 ], [ 139.71375337148376, 35.610703463461569 ], [ 139.71376617814732, 35.610701763544682 ], [ 139.71377954100336, 35.61069717975662 ], [ 139.71378815562807, 35.610693853190931 ], [ 139.71379622183699, 35.610688182487969 ], [ 139.71380273936882, 35.610684763702665 ], [ 139.71380473318607, 35.61068007849525 ], [ 139.71379955738118, 35.610671960924982 ], [ 139.71379834923229, 35.610667903508514 ], [ 139.71379515920049, 35.610660509013357 ], [ 139.71379406384591, 35.610654829221538 ], [ 139.71379285837949, 35.610648969044092 ], [ 139.71379320199094, 35.610640586534458 ], [ 139.71378801894835, 35.610637336418066 ], [ 139.71378084638027, 35.610635887091121 ], [ 139.71378029514977, 35.610635435853311 ], [ 139.71377466508849, 35.610635880958135 ], [ 139.71376207503803, 35.610640375374409 ], [ 139.71375324059653, 35.610643070752879 ], [ 139.71374330101071, 35.610646666415661 ], [ 139.71373590204749, 35.6106490026648 ], [ 139.71372143391875, 35.610654576870871 ], [ 139.71371657302876, 35.610657366329114 ], [ 139.71370663652593, 35.610658888813845 ], [ 139.71369746865838, 35.610663116206211 ], [ 139.71368940418978, 35.610667615107992 ], [ 139.71367582352599, 35.610670215629895 ], [ 139.71366820352969, 35.610672731931736 ], [ 139.71366224004231, 35.610674709049192 ], [ 139.71365616523462, 35.610677317023011 ], [ 139.71365053261889, 35.610679474744856 ], [ 139.71364324295615, 35.610682532202276 ], [ 139.71363650774538, 35.610683877584648 ], [ 139.71362513239995, 35.610688012640473 ], [ 139.71361861687464, 35.610690079345517 ], [ 139.71360757011655, 35.610695927351507 ], [ 139.71360524420638, 35.610701243192892 ] ] ] } },
{ "type": "Feature", "properties": { "SAFIELD000": 48900, "SAFIELD001": 32876, "SAFIELD002": 1, "SAFIELD003": 10.0 }, "geometry": { "type": "Polygon", "coordinates": [ [ [ 139.71401121103963, 35.610709668181975 ], [ 139.71401253105256, 35.610712734187118 ], [ 139.71401418046651, 35.610716972314741 ], [ 139.71402201532803, 35.610718422283568 ], [ 139.71402796261626, 35.610727351851679 ], [ 139.7140314834117, 35.610735017082625 ], [ 139.71403863913196, 35.610747823788216 ], [ 139.71404206065563, 35.610748007451896 ], [ 139.71404548605989, 35.610745577112198 ], [ 139.71405322472754, 35.610737472337057 ], [ 139.71405533185549, 35.6107308041978 ], [ 139.71405291017811, 35.610726294891769 ], [ 139.71405048702917, 35.610722777104158 ], [ 139.71404685411258, 35.610716283559071 ], [ 139.71404002364673, 35.610707443255706 ], [ 139.7140336258712, 35.61070455250001 ], [ 139.71402689521534, 35.610702833210695 ], [ 139.71402634398299, 35.610702381974029 ], [ 139.71401607781175, 35.610702912637905 ], [ 139.71401143688655, 35.610706243154887 ], [ 139.71401121103963, 35.610709668181975 ] ] ] } },
{