町丁目,世帯数[世帯],男[人],女[人],総数[人]
両国一丁目,983,738,776,1514
両国二丁目,1259,1015,1011,2026
両国三丁目,1195,882,945,1827
両国四丁目,1264,970,999,1969
千歳一丁目,963,806,821,1627
千歳二丁目,582,512,462,974
千歳三丁目,1246,1013,1027,2040
緑一丁目,1790,1537,1424,2961
緑二丁目,1717,1618,1673,3291
緑三丁目,1535,1407,1299,2706
緑四丁目,2547,2178,2058,4236
立川一丁目,864,630,667,1297
立川二丁目,861,699,674,1373
立川三丁目,989,831,827,1658
立川四丁目,895,730,678,1408
菊川一丁目,886,780,848,1628
菊川二丁目,1346,1062,1168,2230
菊川三丁目,2157,1815,1961,3776
江東橋一丁目,934,711,745,1456
江東橋二丁目,1375,1169,1089,2258
江東橋三丁目,572,419,317,736
江東橋四丁目,1750,1247,1373,2620
江東橋五丁目,1667,1493,1514,3007
横網一丁目,139,163,147,310
横網二丁目,733,622,598,1220
亀沢一丁目,1249,1057,1090,2147
亀沢二丁目,954,847,949,1796
亀沢三丁目,985,1010,947,1957
亀沢四丁目,1458,1292,1277,2569
石原一丁目,1516,1249,1269,2518
石原二丁目,1360,1219,1188,2407
石原三丁目,1607,1474,1315,2789
石原四丁目,1446,1351,1286,2637
本所一丁目,1642,1507,1489,2996
本所二丁目,915,809,853,1662
本所三丁目,1057,932,957,1889
本所四丁目,1272,1156,1118,2274
東駒形一丁目,761,615,620,1235
東駒形二丁目,853,775,768,1543
東駒形三丁目,850,731,735,1466
東駒形四丁目,1380,1202,1187,2389
吾妻橋一丁目,1307,1014,1098,2112
吾妻橋二丁目,872,680,704,1384
吾妻橋三丁目,853,797,845,1642
錦糸一丁目,1343,1013,999,2012
錦糸二丁目,454,365,306,671
錦糸三丁目,465,379,345,724
錦糸四丁目,996,868,920,1788
太平一丁目,1830,1741,1747,3488
太平二丁目,925,760,685,1445
太平三丁目,793,645,642,1287
太平四丁目,2619,2345,2489,4834
横川一丁目,757,817,718,1535
横川二丁目,882,770,662,1432
横川三丁目,644,574,548,1122
横川四丁目,770,689,607,1296
横川五丁目,1377,1212,1560,2772
業平一丁目,1493,1410,1557,2967
業平二丁目,824,693,668,1361
業平三丁目,874,676,679,1355
業平四丁目,1175,933,1029,1962
業平五丁目,1163,1084,1171,2255
向島一丁目,1287,1098,1076,2174
向島二丁目,1430,1237,1302,2539
向島三丁目,2309,2004,2005,4009
向島四丁目,1293,1266,1310,2576
向島五丁目,2440,2114,2047,4161
東向島一丁目,1644,1521,1482,3003
東向島二丁目,2717,2410,2523,4933
東向島三丁目,1653,1627,1710,3337
東向島四丁目,1923,1722,1780,3502
東向島五丁目,2085,1856,1983,3839
東向島六丁目,2839,2663,2719,5382
堤通一丁目,1161,1225,1166,2391
堤通二丁目,2073,1924,2386,4310
墨田一丁目,1292,1413,1520,2933
墨田二丁目,2009,1992,1947,3939
墨田三丁目,1930,1842,1816,3658
墨田四丁目,2475,2352,2505,4857
墨田五丁目,1517,1421,1378,2799
押上一丁目,1314,1055,1163,2218
押上二丁目,2072,1863,2020,3883
押上三丁目,2281,2220,2088,4308
京島一丁目,3600,3381,3656,7037
京島二丁目,995,956,852,1808
京島三丁目,2364,2197,2111,4308
文花一丁目,2956,2618,3177,5795
文花二丁目,1195,1102,1167,2269
文花三丁目,1192,1366,1339,2705
八広一丁目,1778,1717,1627,3344
八広二丁目,2054,2093,2058,4151
八広三丁目,1809,1792,1699,3491
八広四丁目,2110,2127,2073,4200
八広五丁目,1582,1473,1485,2958
八広六丁目,2052,2052,1946,3998
立花一丁目,3347,3014,3210,6224
立花二丁目,886,781,751,1532
立花三丁目,1471,1385,1401,2786
立花四丁目,1843,1854,1830,3684
立花五丁目,1857,2111,2029,4140
立花六丁目,1179,1137,1243,2380
東墨田一丁目,83,97,63,160
東墨田二丁目,721,703,634,1337
東墨田三丁目,396,428,385,813
�鮭�"??町丁目,世帯数[世帯],男[人],女[人],総数[人]
両国一丁目,980,737,771,1508
両国二丁目,1264,1012,1020,2032
両国三丁目,1196,876,945,1821
両国四丁目,1265,970,995,1965
千歳一丁目,957,799,817,1616
千歳二丁目,584,514,454,968
千歳三丁目,1254,1014,1031,2045
緑一丁目,1752,1511,1396,2907
緑二丁目,1704,1609,1671,3280
緑三丁目,1527,1397,1293,2690
緑四丁目,2566,2179,2065,4244
立川一丁目,840,616,650,1266
立川二丁目,856,696,673,1369
立川三丁目,994,829,832,1661
立川四丁目,901,741,685,1426
菊川一丁目,877,775,844,1619
菊川二丁目,1345,1067,1164,2231
菊川三丁目,2155,1805,1964,3769
江東橋一丁目,931,706,743,1449
江東橋二丁目,1374,1160,1091,2251
江東橋三丁目,569,417,313,730
江東橋四丁目,1753,1246,1378,2624
江東橋五丁目,1663,1495,1516,3011
横網一丁目,140,162,148,310
横網二丁目,742,627,606,1233
亀沢一丁目,1234,1043,1073,2116
亀沢二丁目,956,848,950,1798
亀沢三丁目,974,999,936,1935
亀沢四丁目,1458,1294,1276,2570
石原一丁目,1514,1246,1272,2518
石原二丁目,1354,1213,1184,2397
石原三丁目,1604,1476,1306,2782
石原四丁目,1451,1358,1287,2645
本所一丁目,1648,1512,1498,3010
本所二丁目,908,802,852,1654
本所三丁目,1051,925,952,1877
本所四丁目,1272,1150,1121,2271
東駒形一丁目,758,612,615,1227
東駒形二丁目,864,783,769,1552
東駒形三丁目,851,738,733,1471
東駒形四丁目,1379,1204,1187,2391
吾妻橋一丁目,1297,1009,1088,2097
吾妻橋二丁目,873,683,706,1389
吾妻橋三丁目,850,798,842,1640
錦糸一丁目,1344,1007,997,2004
錦糸二丁目,448,362,311,673
錦糸三丁目,467,384,343,727
錦糸四丁目,993,869,917,1786
太平一丁目,1826,1739,1731,3470
太平二丁目,933,762,693,1455
太平三丁目,793,641,649,1290
太平四丁目,2609,2332,2480,4812
横川一丁目,757,818,719,1537
横川二丁目,875,763,658,1421
横川三丁目,643,578,545,1123
横川四丁目,772,689,613,1302
横川五丁目,1372,1208,1552,2760
業平一丁目,1488,1409,1553,2962
業平二丁目,827,698,669,1367
業平三丁目,876,674,680,1354
業平四丁目,1170,934,1023,1957
業平五丁目,1162,1085,1176,2261
向島一丁目,1295,1107,1080,2187
向島二丁目,1421,1230,1300,2530
向島三丁目,2279,1991,1990,3981
向島四丁目,1296,1270,1313,2583
向島五丁目,2425,2101,2033,4134
東向島一丁目,1639,1514,1485,2999
東向島二丁目,2721,2408,2521,4929
東向島三丁目,1645,1623,1710,3333
東向島四丁目,1927,1720,1783,3503
東向島五丁目,2082,1856,1986,3842
東向島六丁目,2846,2675,2720,5395
堤通一丁目,1157,1227,1166,2393
堤通二丁目,2073,1919,2389,4308
墨田一丁目,1285,1410,1513,2923
墨田二丁目,2023,2008,1955,3963
墨田三丁目,1938,1855,1821,3676
墨田四丁目,2473,2354,2499,4853
墨田五丁目,1518,1420,1379,2799
押上一丁目,1311,1060,1159,2219
押上二丁目,2072,1859,2013,3872
押上三丁目,2278,2218,2079,4297
京島一丁目,3596,3387,3654,7041
京島二丁目,988,953,847,1800
京島三丁目,2354,2186,2105,4291
文花一丁目,2958,2619,3170,5789
文花二丁目,1195,1107,1162,2269
文花三丁目,1191,1362,1337,2699
八広一丁目,1778,1713,1627,3340
八広二丁目,2042,2083,2048,4131
八広三丁目,1813,1789,1700,3489
八広四丁目,2105,2126,2071,4197
八広五丁目,1582,1470,1478,2948
八広六丁目,2037,2035,1928,3963
立花一丁目,3346,3012,3209,6221
立花二丁目,895,783,757,1540
立花三丁目,1465,1375,1405,2780
立花四丁目,1833,1849,1826,3675
立花五丁目,1865,2111,2038,4149
立花六丁目,1180,1138,1247,2385
東墨田一丁目,83,97,63,160
東墨田二丁目,724,705,630,1335
東墨田三丁目,393,426,385,811
48, 35.60747824101152 ], [ 139.75588958768793, 35.607486895839941 ], [ 139.75589179199463, 35.607490232372278 ], [ 139.75588803532912, 35.607379720447689 ], [ 139.75587865198952, 35.607381156628982 ], [ 139.75587313232671, 35.607382054463642 ], [ 139.75587147677535, 35.607381963261155 ], [ 139.75586629362718, 35.607377272739477 ], [ 139.7558679543047, 35.607372045787763 ], [ 139.75586762830343, 35.607366727420626 ], [ 139.75586796377533, 35.607362220723097 ], [ 139.75586709145566, 35.607351133155838 ], [ 139.75587140150006, 35.60734554735415 ], [ 139.75587085631093, 35.607338606357331 ], [ 139.75587428300037, 35.607333380540737 ], [ 139.75587594828099, 35.607323376263821 ], [ 139.75587043513841, 35.60731751373271 ], [ 139.75586260818906, 35.607307413215388 ], [ 139.75586106640392, 35.607303806693579 ], [ 139.75586438653991, 35.607294614725056 ], [ 139.75586549498954, 35.60728974797135 ], [ 139.75586307202335, 35.607284247979493 ], [ 139.75586329694562, 35.607279921487375 ], [ 139.75586650244716, 35.607275146220069 ], [ 139.75586771988193, 35.607271721748624 ], [ 139.75586220248576, 35.607270275989364 ], [ 139.75585955451103, 35.639.7559094970        <mc� � �015 ], [ 139.75816638178475, 35.60776992950084 ], [ 139.75814970507898, 35.607780465273365 ], [ 139.75814760489081, 35.607783708940318 ], [ 139.75814539314536, 35.60778821447326 ], [ 139.75813776949556, 35.607796412297752 ], [ 139.758137545875, 35.607799476859014 ], [ 139.75813798012746, 35.607807229020267 ], [ 139.75812936224327, 35.607816327606358 ], [ 139.75812284058256, 35.607826419021031 ], [ 139.75812106899079, 35.607832367040338 ], [ 139