町丁目,世帯数[世帯],男[人],女[人],総数[人]
両国一丁目,1003,746,773,1519
両国二丁目,1339,1065,1070,2135
両国三丁目,1195,890,958,1848
両国四丁目,1256,959,1001,1960
千歳一丁目,956,812,802,1614
千歳二丁目,562,497,458,955
千歳三丁目,1386,1170,1182,2352
緑一丁目,1775,1526,1418,2944
緑二丁目,1694,1588,1673,3261
緑三丁目,1541,1391,1322,2713
緑四丁目,2547,2179,2069,4248
立川一丁目,873,628,689,1317
立川二丁目,850,682,668,1350
立川三丁目,1002,839,840,1679
立川四丁目,917,741,694,1435
菊川一丁目,884,771,844,1615
菊川二丁目,1324,1052,1144,2196
菊川三丁目,2179,1838,1972,3810
江東橋一丁目,943,715,744,1459
江東橋二丁目,1381,1159,1089,2248
江東橋三丁目,580,428,316,744
江東橋四丁目,1763,1248,1386,2634
江東橋五丁目,1662,1513,1514,3027
横網一丁目,136,157,144,301
横網二丁目,715,604,601,1205
亀沢一丁目,1224,1055,1063,2118
亀沢二丁目,972,851,971,1822
亀沢三丁目,1006,1033,979,2012
亀沢四丁目,1487,1319,1289,2608
石原一丁目,1524,1246,1254,2500
石原二丁目,1392,1247,1228,2475
石原三丁目,1659,1525,1343,2868
石原四丁目,1461,1361,1296,2657
本所一丁目,1640,1502,1482,2984
本所二丁目,915,804,852,1656
本所三丁目,1048,933,940,1873
本所四丁目,1317,1191,1139,2330
東駒形一丁目,760,614,608,1222
東駒形二丁目,861,773,785,1558
東駒形三丁目,858,733,746,1479
東駒形四丁目,1370,1191,1186,2377
吾妻橋一丁目,1311,1013,1117,2130
吾妻橋二丁目,871,676,707,1383
吾妻橋三丁目,878,811,861,1672
錦糸一丁目,1351,1032,1010,2042
錦糸二丁目,454,354,308,662
錦糸三丁目,463,382,340,722
錦糸四丁目,1003,886,929,1815
太平一丁目,1832,1735,1730,3465
太平二丁目,933,761,678,1439
太平三丁目,797,649,645,1294
太平四丁目,2637,2357,2473,4830
横川一丁目,766,831,730,1561
横川二丁目,877,768,657,1425
横川三丁目,657,578,556,1134
横川四丁目,761,688,600,1288
横川五丁目,1449,1269,1627,2896
業平一丁目,1489,1408,1559,2967
業平二丁目,813,688,660,1348
業平三丁目,862,658,684,1342
業平四丁目,1165,909,1037,1946
業平五丁目,1164,1098,1171,2269
向島一丁目,1285,1080,1068,2148
向島二丁目,1452,1245,1322,2567
向島三丁目,2426,2092,2132,4224
向島四丁目,1299,1259,1315,2574
向島五丁目,2456,2106,2073,4179
東向島一丁目,1644,1528,1479,3007
東向島二丁目,2775,2444,2555,4999
東向島三丁目,1634,1632,1713,3345
東向島四丁目,1897,1691,1761,3452
東向島五丁目,2105,1861,1995,3856
東向島六丁目,2852,2674,2701,5375
堤通一丁目,1162,1203,1146,2349
堤通二丁目,2072,1921,2396,4317
墨田一丁目,1388,1485,1625,3110
墨田二丁目,2025,2008,1966,3974
墨田三丁目,1913,1810,1782,3592
墨田四丁目,2447,2347,2461,4808
墨田五丁目,1543,1420,1397,2817
押上一丁目,1313,1043,1144,2187
押上二丁目,2063,1843,1995,3838
押上三丁目,2266,2202,2092,4294
京島一丁目,3599,3381,3700,7081
京島二丁目,1006,957,857,1814
京島三丁目,2331,2185,2077,4262
文花一丁目,2972,2611,3169,5780
文花二丁目,1224,1118,1181,2299
文花三丁目,1195,1364,1341,2705
八広一丁目,1774,1711,1622,3333
八広二丁目,2097,2118,2071,4189
八広三丁目,1864,1853,1739,3592
八広四丁目,2102,2115,2082,4197
八広五丁目,1569,1451,1483,2934
八広六丁目,2053,2058,1941,3999
立花一丁目,3413,3064,3255,6319
立花二丁目,885,780,753,1533
立花三丁目,1498,1396,1413,2809
立花四丁目,1860,1850,1859,3709
立花五丁目,1852,2095,2027,4122
立花六丁目,1194,1152,1250,2402
東墨田一丁目,83,95,61,156
東墨田二丁目,734,718,641,1359
東墨田三丁目,415,449,391,840
町丁目,世帯数[世帯],男[人],女[人],総数[人]
両国一丁目,1005,746,777,1523
両国二丁目,1331,1056,1059,2115
両国三丁目,1192,886,955,1841
両国四丁目,1253,961,993,1954
千歳一丁目,957,808,806,1614
千歳二丁目,567,497,462,959
千歳三丁目,1378,1163,1181,2344
緑一丁目,1786,1535,1422,2957
緑二丁目,1701,1595,1677,3272
緑三丁目,1542,1400,1312,2712
緑四丁目,2578,2191,2095,4286
立川一丁目,874,630,690,1320
立川二丁目,860,689,677,1366
立川三丁目,1000,833,840,1673
立川四丁目,907,736,687,1423
菊川一丁目,892,783,843,1626
菊川二丁目,1324,1050,1141,2191
菊川三丁目,2180,1834,1974,3808
江東橋一丁目,936,711,743,1454
江東橋二丁目,1384,1163,1093,2256
江東橋三丁目,564,420,308,728
江東橋四丁目,1744,1233,1389,2622
江東橋五丁目,1655,1508,1505,3013
横網一丁目,135,157,141,298
横網二丁目,717,609,608,1217
亀沢一丁目,1234,1060,1079,2139
亀沢二丁目,957,841,954,1795
亀沢三丁目,1004,1027,975,2002
亀沢四丁目,1479,1315,1287,2602
石原一丁目,1526,1251,1253,2504
石原二丁目,1388,1243,1217,2460
石原三丁目,1659,1523,1340,2863
石原四丁目,1449,1351,1284,2635
本所一丁目,1637,1509,1484,2993
本所二丁目,909,800,849,1649
本所三丁目,1050,926,944,1870
本所四丁目,1319,1189,1140,2329
東駒形一丁目,758,612,613,1225
東駒形二丁目,853,774,776,1550
東駒形三丁目,852,731,743,1474
東駒形四丁目,1378,1201,1179,2380
吾妻橋一丁目,1304,1007,1109,2116
吾妻橋二丁目,873,676,705,1381
吾妻橋三丁目,872,806,851,1657
錦糸一丁目,1318,1006,987,1993
錦糸二丁目,461,367,312,679
錦糸三丁目,462,382,337,719
錦糸四丁目,1000,881,922,1803
太平一丁目,1822,1736,1729,3465
太平二丁目,920,754,674,1428
太平三丁目,787,648,632,1280
太平四丁目,2616,2351,2472,4823
横川一丁目,755,819,722,1541
横川二丁目,877,771,655,1426
横川三丁目,650,579,548,1127
横川四丁目,765,694,601,1295
横川五丁目,1413,1233,1588,2821
業平一丁目,1485,1405,1555,2960
業平二丁目,826,698,673,1371
業平三丁目,865,664,681,1345
業平四丁目,1169,918,1026,1944
業平五丁目,1173,1094,1177,2271
向島一丁目,1279,1080,1072,2152
向島二丁目,1455,1242,1319,2561
向島三丁目,2400,2076,2112,4188
向島四丁目,1301,1264,1316,2580
向島五丁目,2451,2109,2063,4172
東向島一丁目,1640,1521,1481,3002
東向島二丁目,2765,2442,2552,4994
東向島三丁目,1631,1627,1705,3332
東向島四丁目,1909,1695,1766,3461
東向島五丁目,2093,1865,1971,3836
東向島六丁目,2854,2677,2714,5391
堤通一丁目,1157,1204,1150,2354
堤通二丁目,2081,1937,2408,4345
墨田一丁目,1376,1480,1613,3093
墨田二丁目,2028,2010,1960,3970
墨田三丁目,1913,1812,1788,3600
墨田四丁目,2468,2352,2490,4842
墨田五丁目,1536,1414,1395,2809
押上一丁目,1311,1051,1148,2199
押上二丁目,2071,1858,2003,3861
押上三丁目,2282,2202,2107,4309
京島一丁目,3594,3374,3680,7054
京島二丁目,1006,961,857,1818
京島三丁目,2340,2188,2077,4265
文花一丁目,2973,2610,3171,5781
文花二丁目,1211,1121,1176,2297
文花三丁目,1202,1370,1343,2713
八広一丁目,1765,1701,1617,3318
八広二丁目,2094,2113,2076,4189
八広三丁目,1852,1843,1731,3574
八広四丁目,2111,2116,2090,4206
八広五丁目,1568,1463,1477,2940
八広六丁目,2047,2057,1938,3995
立花一丁目,3383,3043,3225,6268
立花二丁目,894,780,761,1541
立花三丁目,1485,1388,1399,2787
立花四丁目,1864,1863,1865,3728
立花五丁目,1854,2105,2031,4136
立花六丁目,1190,1151,1248,2399
東墨田一丁目,81,93,62,155
東墨田二丁目,731,711,643,1354
東墨田三丁目,415,450,392,842
Fﾘ搭ｰｹ�&#﨤N��ﾟ6ｿ鎮?渕Hｿ�NFｿ竿ﾆO^棍L�
睿~粮iﾏ憲[次少�:ﾝﾁｶ4ﾙq!ﾜ9bKd]ﾜ椥���ｹs｢ﾟBｷ�:ﾑﾘ隧�竇ﾘ華ﾏﾉj.ﾐNﾗ68�郞朱ﾒ�N里ﾃふ愬ﾄ�ｰ�>�:�ｯ］v/ﾁNﾎ�<ｱ�<ﾗ!ﾈﾀ'j扛ｨ･y-畆ﾚｿﾅﾘ[Y�)�ﾃ�ﾏ.&~.�+�°ｩﾛ7Du/�?t2�繼ﾑﾟE況v飼%ｾﾟOべ�%ﾄy櫨莽�ﾃ�ｽ"F$/u潭W[��
^+}ｽ衝::�;G!ｾ}ｴиg,煆<��沆矜y;峵矍罍ﾚｹwｴ��轣酖ﾚｩ(<ｶO'伀ｽﾂﾟ听ﾍｴﾏnﾗﾚ�｢v�﨏.;DGﾌg役l�ﾇ翩�<sｯ:浜┻q;2ｫﾆ^Jｭ�&ﾇsxｦｯﾋﾁM�ャ榕ﾄ<n#ｾｻ	ｼ艢&箙n緇�&��ｷ饉ﾄﾝﾝJ枡ｭ爻	�|)&ﾍ{n暠ｭﾘ[儖卉�=�)㎞霑佼?mﾂ/N�ｯ��ﾊｭﾂﾛｨ{ﾓ��q~L~ｿ�6�ﾇ耆ｽ��吭ｹ&h｢�筑_d陵ﾀﾛ%ｾ渊)剣I遧ﾚﾎﾒ<ﾚﾟ綣K寳ﾓ:憑ｭ域B=ﾘ&�ｾﾎﾇi_ﾓh�/th�Z棈闢�曁ｺ罪賞ﾎ��ｫ巍ｧ&|逑3�#|9ﾞoﾘﾇ�s	kqﾖ��K>hms�5ｯ�~ﾖｿ�>r8�ﾑｷj_�+ｫEｿ巐v牌�ﾐ聲ﾄ灣��&ﾏﾒ=b2qﾇE8"ｶ疫sOﾑ簾ｦ壅"嶢ﾋ悅p)�ｹﾐ鱸l諍ﾞ麹}i~�&礒$?��z8��ヰｯ㍻ﾆ匀��                     ﾖu� � �16185848, 35.608011377931774 ], [ 139.75811030882514, 35.608007589095614 ], [ 139.75810037736514, 35.608004968886071 ], [ 139.75809762014066, 35.608002623569959 ], [ 139.7580977359182, 35.607996854793868 ], [ 139.7581066955027, 35.60797648914162 ], [ 139.75810659128558, 35.60796990898384 ], [ 139.75810107380099, 35.60796846332714 ], [ 139.7580934601722, 35.607965934702328 ], [ 139.75808971031867, 35.607962777521927 ], [ 139.75809125896802, 35.607959172958672 ], [ 139.75809446461764, 35.607954127217894 ], [ 139.75809667907095, 35.607946737263489 ], [ 139.75810142881153, 35.607942954422185 ], [ 139.75810562202756, 35.607944128837381 ], [ 139.7581079361405, 35.607948186503577 ], [ 139.75811345117708, 35.607952246167876 ], [ 139.7581228350499, 35.607950268983508 ], [ 139.758132