町丁目,世帯数[世帯],男[人],女[人],総数[人]
両国一丁目,961,734,740,1474
両国二丁目,1371,1079,1086,2165
両国三丁目,1293,952,1020,1972
両国四丁目,1353,1079,1051,2130
千歳一丁目,994,813,859,1672
千歳二丁目,628,548,494,1042
千歳三丁目,1442,1213,1198,2411
緑一丁目,1833,1553,1459,3012
緑二丁目,1790,1640,1726,3366
緑三丁目,1659,1441,1416,2857
緑四丁目,2823,2394,2259,4653
立川一丁目,885,633,692,1325
立川二丁目,879,719,675,1394
立川三丁目,1027,842,850,1692
立川四丁目,1043,792,808,1600
菊川一丁目,991,824,902,1726
菊川二丁目,1472,1091,1260,2351
菊川三丁目,2239,1891,1975,3866
江東橋一丁目,969,739,741,1480
江東橋二丁目,1435,1185,1147,2332
江東橋三丁目,620,454,323,777
江東橋四丁目,1800,1313,1300,2613
江東橋五丁目,1668,1490,1516,3006
横網一丁目,154,172,151,323
横網二丁目,707,594,601,1195
亀沢一丁目,1238,1046,1064,2110
亀沢二丁目,1050,883,1032,1915
亀沢三丁目,1045,1076,1027,2103
亀沢四丁目,1526,1356,1340,2696
石原一丁目,1555,1232,1287,2519
石原二丁目,1467,1289,1281,2570
石原三丁目,1746,1574,1404,2978
石原四丁目,1495,1352,1323,2675
本所一丁目,1619,1463,1470,2933
本所二丁目,919,787,859,1646
本所三丁目,1047,912,927,1839
本所四丁目,1414,1261,1218,2479
東駒形一丁目,853,661,680,1341
東駒形二丁目,856,766,767,1533
東駒形三丁目,935,770,763,1533
東駒形四丁目,1460,1193,1246,2439
吾妻橋一丁目,1364,1043,1155,2198
吾妻橋二丁目,917,683,746,1429
吾妻橋三丁目,876,803,861,1664
錦糸一丁目,1415,1050,1065,2115
錦糸二丁目,483,380,327,707
錦糸三丁目,490,382,357,739
錦糸四丁目,1020,892,929,1821
太平一丁目,1924,1796,1776,3572
太平二丁目,951,790,657,1447
太平三丁目,868,693,680,1373
太平四丁目,2674,2365,2488,4853
横川一丁目,823,858,763,1621
横川二丁目,942,791,719,1510
横川三丁目,659,575,552,1127
横川四丁目,766,665,619,1284
横川五丁目,1462,1249,1634,2883
業平一丁目,1557,1431,1595,3026
業平二丁目,829,721,631,1352
業平三丁目,860,691,685,1376
業平四丁目,1209,926,1045,1971
業平五丁目,1201,1099,1223,2322
向島一丁目,1376,1120,1130,2250
向島二丁目,1573,1292,1418,2710
向島三丁目,2575,2224,2241,4465
向島四丁目,1352,1280,1336,2616
向島五丁目,2587,2185,2144,4329
東向島一丁目,1770,1598,1563,3161
東向島二丁目,2879,2448,2622,5070
東向島三丁目,1659,1655,1706,3361
東向島四丁目,1980,1737,1816,3553
東向島五丁目,2138,1851,2007,3858
東向島六丁目,2992,2745,2763,5508
堤通一丁目,1118,1156,1107,2263
堤通二丁目,2103,1883,2389,4272
墨田一丁目,1480,1528,1693,3221
墨田二丁目,2036,1971,1968,3939
墨田三丁目,2040,1856,1859,3715
墨田四丁目,2454,2343,2420,4763
墨田五丁目,1567,1417,1420,2837
押上一丁目,1358,1060,1174,2234
押上二丁目,2033,1794,1954,3748
押上三丁目,2323,2197,2178,4375
京島一丁目,3629,3424,3703,7127
京島二丁目,989,953,850,1803
京島三丁目,2318,2141,2063,4204
文花一丁目,3039,2606,3152,5758
文花二丁目,1292,1142,1224,2366
文花三丁目,1204,1364,1322,2686
八広一丁目,1850,1728,1664,3392
八広二丁目,2107,2087,2056,4143
八広三丁目,1852,1853,1722,3575
八広四丁目,2229,2188,2154,4342
八広五丁目,1589,1459,1483,2942
八広六丁目,2104,2065,1989,4054
立花一丁目,3483,3072,3259,6331
立花二丁目,901,818,795,1613
立花三丁目,1644,1492,1542,3034
立花四丁目,1865,1860,1810,3670
立花五丁目,1872,2124,2082,4206
立花六丁目,1179,1116,1233,2349
東墨田一丁目,81,87,60,147
東墨田二丁目,742,697,649,1346
東墨田三丁目,405,431,396,827
京島二丁目,9352472608 ], [ 139.72499641883823, 35.607329226201941 ], [ 139.72499157360807, 35.607320838989551 ], [ 139.72498561757359, 35.607317678796058 ], [ 139.72498506630276, 35.607317227609187 ], [ 139.72496906121924, 35.607317663908518 ], [ 139.72495602631162, 35.607325494212667 ], [ 139.72495038645297, 35.607333421305171 ], [ 139.72494993145645, 35.607343426240419 ] ] ] } },
{ "type": "Feature", "properties": { "SAFIELD000": 30819, "SAFIELD001": 39598, "SAFIELD002": 1, "SAFIELD003": 7.0 }, "geometry": { "type": "Polygon", "coordinates": [ [ [ 139.7249261435264, 35.607385769814442 ], [ 139.72492923234628, 35.607387034528529 ], [ 139.72493353578628, 35.607387939782207 ], [ 139.72494490084577, 35.607390654152461 ], [ 139.72495241053301, 35.607387596206898 ], [ 139.72496567240151, 35.6073751690572 ], [ 139.72496413370428, 35.607370300208579 ], [ 139.72496115526027, 35.607369035594644 ], [ 139.72495530741116, 35.607367497985265 ], [ 139.72495133789522, 35.607364519853206 ], [ 139.72495078662425, 35.607364068666186 ], [ 139.72494085195487, 35.607364690697949 ], [ 139.72493069094085, 35.607369458884257 ], [ 139.72492704124517, 35.607374863895252 ], [ 139.7249261435264, 35.607385769814442 ] ] ] } },
{ "type": "Feature", "properties": { "SAFIELD000": 30820, "SAFIELD001": 39537, "SAFIELD002": 1, "SAFIELD003": 26.0 }, "geometry": { "type": "Polygon", "coordinates": [ [ [ 139.72500585938971, 35.607367633578697 ], [ 139.72501258465721, 35.607373318333316 ], [ 139.72501633463918, 35.60737539488364 ], [ 139.72502416524517, 35.607379908834069 ], [ 139.72502802560354, 35.607381985483229 ], [ 139.72503596354991, 35.607388752985322 ], [ 139.72504180836557, 35.607392544044025 ], [ 139.72504974801447, 35.607398049611398 ], [ 139.72506717294135, 35.607408791718534 ], [ 139.72507489317761, 35.607413305566489 ], [ 139.72508503925482, 35.607419624357888 ], [ 139.72508802061648, 35.607418725653659 ], [ 139.72509254966789, 35.607416025574835 ], [ 139.72509906657643, 35.607412516037193 ], [ 139.72510348804332, 35.60740774268185 ], [ 139.72510360533849, 35.607402604907648 ], [ 139.7251008505562, 35.607399177180348 ], [ 139.725087725305, 35.607392134608233 ], [ 139.7250832047539, 35.607388525017868 ], [ 139.72507879457896, 35.607384915526502 ], [ 139.72506831798643, 35.607378145746402 ], [ 139.72505398006544, 35.607370020422216 ], [ 139.72504846613523, 35.60736640993791 ], [ 139.72503379781992, 35.607357743484982 ], [ 139.72502166693494, 35.607349980693392 ], [ 139.72501538013438, 35.607346549789362 ], [ 139.72501482886318, 35.60734609860264 ], [ 139.72501030248606, 35.60734681563973 ], [ 139.72500853282932, 35.607349518196074 ], [ 139.72500884755425, 35.607361687141193 ], [ 139.72500585938971, 35.607367633578697 ] ] ] } },
{ "type": "Feature", "properties": { "SAFIELD000": 30821, "SAFIELD001": 39510, "SAFIELD002": 1, "SAFIELD003": 18.0 }, "geometry": { "type": "Polygon", "coordinates": [ [ [ 139.72486727636866, 35.607413028727457 ], [ 139.72486726700103, 35.607419969363299 ], [ 139.72486946685348, 35.607425650052349 ], [ 139.72487608441654, 35.607429351676373 ], [ 139.72488248609412, 35.607429447576237 ], [ 139.72488502607666, 35.607428458341559 ], [ 139.72489651246232, 35.607423060384193 ], [ 139.72489938101796, 35.607423964347866 ], [ 139.72490930997927, 35.607427578811546 ], [ 139.72491681395601, 35.607428757360253 ], [ 139.72492674206757, 35.607433002789385 ], [ 139.72493248355732, 35.607431565742651 ], [ 139.72493248915023, 35.607427419388756 ], [ 139.72492797687218, 35.607417680399898 ], [ 139.7249265603466, 35.607404068251697 ], [ 139.72491718934651, 35.607395947379544 ], [ 139.72491266868124, 35.607392427920921 ], [ 139.7249121174103, 35.607391976733723 ], [ 139.72489522918349, 35.607392502366864 ], [ 139.72488650231892, 35.607397812669383 ], [ 139.72488174813097, 35.607403757514419 ], [ 139.72487180907669, 35.607407624513087 ], [ 139.72486727636866, 35.607413028727457 ] ] ] } },
{ "type": "Feature", "properties": { "SAFIELD000": 30822, "SAFIELD001": 39433, "SAFIELD002": 1, "SAFIELD003": 7.0 }, "geometry": { "type": "Polygon", "coordinates": [ [ [ 139.72493986852703, 35.607439143997695 ], [ 139.72494449774842, 35.60744401562647 ], [ 139.7249447150962, 35.60744653969261 ], [ 139.72494448960316, 35.607450054881014 ], [ 139.72494746622638, 35.607452671567273 ], [ 139.72495121633196, 35.607454657981464 ], [ 139.72495860276419, 35.607461154577813 ], [ 139.72497063142723, 35.607462878021821 ], [ 139.72497780889873, 35.607460631020103 ], [ 139.72498101636225, 35.607455766439429 ], [ 139.72497738307311, 35.607449002804643 ], [ 139.7249622733685, 35.607440245807972 ], [ 139.7249536712232, 35.607434919915505 ], [ 139.72495124429156, 35.607433926212082 ], [ 139.72495069302008, 35.607433475025076 ], [ 139.7249403169603, 35.607434006521551 ], [ 139.72493986852703, 35.607439143997695 ] ] ] } },
{ "type": "Feature", "properties": { "SAFIELD000": 30823, "SAFIELD001": 39386, "SAFIELD002": 1, "SAFIELD003": 3.0 }, "geometry": { "type": "Polygon", "coordinates": [ [ [ 139.72498551880531, 35.607472806614581 ], [ 139.72498672771479, 35.607476683645721 ], [ 139.72499367580764, 35.607480836251639 ], [ 139.72500482547662, 35.607479584340133 ], [ 139.72500736910428, 35.607475890959066 ], [ 139.72500538877748, 35.607471111852291 ], [ 139.72499866216572, 35.607466418616752 ], [ 139.72499524160645, 35.607465604297381 ], [ 139.72499480083192, 35.607465063071679 ], [ 139.72498795655403, 35.607465778023965 ], [ 139.72498551880531, 35.607472806614581 ] ] ] } },
{ "type": "Feature", "properties": { "SAFIELD000": 30824, "SAFIELD001": 39370, "SAFIELD002": 1, "SAFIELD003": 2.0 }, "geometry": { "type": "Polygon", "coordinates": [ [ [ 139.72481233060626, 35.607478870308427 ], [ 139.72481497281214, 35.607483920429146 ], [ 139.72482092800018, 35.607487711597891 ], [ 139.72482821195956, 35.607488349124552 ], [ 139.72483009200135, 35.607485646670327 ], [ 139.72482546789612, 35.607476989235863 ], [ 139.72482304181673, 35.60747536456298 ], [ 139.72482260104334, 35.607474823336652 ], [ 139.72481553637647, 35.607475267665968 ], [ 139.72481233060626, 35.607478870308427 ] ] ] } },
{ "type": "Feature", "properties": { "SAFIELD000": 30825, "SAFIELD001": 39158, "SAFIELD002": 1, "SAFIELD003": 12.0 }, "geometry": { "type": "Polygon", "coordinates": [ [ [ 139.72474158612528, 35.607555694492085 ], [ 139.72474654184123, 35.607563991675526 ], [ 139.72475546890374, 35.607573914925425 ], [ 139.72476330146273, 35.607576986682659 ], [ 139.72476616807398, 35.607579332859508 ], [ 139.72476892443115, 35.607581588798709 ], [ 139.72477554090653, 35.607586101671288 ], [ 139.72479329319162, 35.607599638397886 ], [ 139.72479826291524, 35.607597569694782 ], [ 139.7248042360051, 35.607588110559917 ], [ 139.72480170636373, 35.607581438052208 ], [ 139.72479509146984, 35.607575753385433 ], [ 139.7247832915815, 35.607568081006491 ], [ 139.72477502068429, 35.60756266526154 ], [ 139.7247652014795, 35.607559501576922 ], [ 139.72475152739628, 35.607550205018029 ], [ 139.72475075561672, 35.607549573354952 ], [ 139.72474380107531, 35.607550198055755 ], [ 139.72474158612528, 35.607555694492085 ] ] ] } },
{ "type": "Feature", "properties": { "SAFIELD000": 30826, "SAFIELD001": 39013, "SAFIELD002": 1, "SAFIELD003": 17.0 }, "geometry": { "type": "Polygon", "coordinates": [ [ [ 139.72504114297263, 35.607640603871744 ], [ 139.72504532123335, 35.607652505873482 ], [ 139.72505347583086, 35.607662338268803 ], [ 139.72506693856627, 35.607664693959407 ], [ 139.72507974669486, 35.607661370351714 ], [ 139.72508604444994, 35.607656688821017 ], [ 139.72509223838406, 35.607647139732087 ], [ 139.72508926891209, 35.607639204900103 ], [ 139.72508177851196, 35.6076279308921 ], [ 139.725074611471, 35.607622426021145 ], [ 139.72507394982142, 35.607621974735551 ], [ 139.72505695129263, 35.607622410153951 ], [ 139.72505043679425, 35.607624116926651 ], [ 139.72504159516592, 35.60763267211351 ], [ 139.72504114297263, 35.607640603871744 ] ] ] } },
{ "type": "Feature", "properties": { "SAFIELD000": 30827, "SAFIELD001": 38965, "SAFIELD002": 10, "SAFIELD003": 10.0 }, "geometry": { "type": "Polygon", "coordinates": [ [ [ 139.7257232548522, 35.607650679454565 ], [ 139.72572920538857, 35.607657985965346 ], [ 139.72573703256239, 35.607665113875044 ], [ 139.72574805907826, 35.60767341643772 ], [ 139.7257541196328, 35.607680993460193 ], [ 139.72576184150236, 35.607684335468399 ], [ 139.72577155653849, 35.60768290192884 ], [ 139.72577752288521, 35.607678400342628 ], [ 139.7257743272838, 35.607674431407993 ], [ 139.72576186949442, 35.607663423423006 ], [ 139.72575768243939, 35.607658011391074 ], [ 139.72574081467735, 35.607643213661014 ], [ 139.7257346377165, 35.607640143445643 ], [ 139.72573408643919, 35.607639692262211 ], [ 139.72572746314657, 35.607640227177328 ], [ 139.72572359201556, 35.607646172843907 ], [ 139.7257232548522, 35.607650679454565 ] ] ] } },
{ "type": "Feature", "properties": { "SAFIELD000": 30828, "SAFIELD001": 38903, "SAFIELD002": 1, "SAFIELD003": 5.0 }, "geometry": { "type": "Polygon", "coordinates": [ [ [ 139.72498321375687, 35.607708876579245 ], [ 139.72498817363905, 35.607714109056381 ], [ 139.72499556763199, 35.607715017086569 ], [ 139.7250026363287, 35.607711598188651 ], [ 139.72500805278338, 35.607705653934524 ], [ 139.72501037955357, 35.607699075935138 ], [ 139.7250090637869, 35.607692584799537 ], [ 139.72500376913095, 35.607690056169275 ], [ 139.72500332835517, 35.607689514943623 ], [ 139.72499836081832, 35.607689961168909 ], [ 139.72499283824089, 35.607692750489043 ], [ 139.72498421443464, 35.607703469185005 ], [ 139.72498321375687, 35.607708876579245 ] ] ] } },
{ "type": "Feature", "properties": { "SAFIELD000": 30829, "SAFIELD001": 38868, "SAFIELD002": 10, "SAFIELD003": 9.0 }, "geometry": { "type": "Polygon", "coordinates": [ [ [ 139.72561325386994, 35.60770006706219 ], [ 139.72564412128523, 35.607728398056942 ], [ 139.72566000483926, 35.607736344415166 ], [ 139.72566917464385, 35.607729952793861 ], [ 139.72562849980213, 35.607689624654881 ], [ 139.72561325386994, 35.60770006706219 ] ] ] } },
{ "type": "Feature", "properties": { "SAFIELD000": 30830, "SAFIELD001": 38784, "SAFIELD002": 1, "SAFIELD003": 27.0 }, "geometry": { "type": "Polygon", "coordinates": [ [ [ 139.72599814910546, 35.607773061933472 ], [ 139.72599814224318, 35.607778199806646 ], [ 139.72600310544621, 35.607780998512673 ], [ 139.72600796188459, 35.607781092976424 ], [ 139.72601237922515, 35.607779384284242 ], [ 139.72601701888303, 35.607776503992866 ], [ 139.72603359218161, 35.607763899398932 ], [ 139.72604574560972, 35.607754896396919 ], [ 139.72606231889938, 35.607742291798964 ], [ 139.72607204127596, 35.607735359809475 ], [ 139.72611745017886, 35.607702229350323 ], [ 139.72613523938827, 35ﾎ
7K廸ﾗﾙ[ｪﾄ�ｴ&ｪｳCl�8ｷ~ﾚ/)･朮ｱh�n争･(ﾜ疹ﾟｼ�]簔ﾘ｣�ﾒｼDﾇBｾ"mqｳ�/ｹBｴrZr)peBHﾋ^�3ｼ､餧�kﾚ洋｡8�>ｮM諟.ﾊoE::hﾑm
)�k胸趺ﾞ�
囿"ﾁ狡) 吩ｽ8､圸S､畉･ｬk豺�6�ﾀ桃g�ｸｾｴﾋｫｬQXw蓆?益鰾ｾxv矮sHQ<�:�Dｫ��2ｽ取3⌒ﾗﾅｳ<S;�(螯�<犾|趣Ш%2ﾝK~�_%拡?x>S筬�4�<犾|6豐ｧ爿珊沺/jｸｑi3mYﾕｽ#ｩ潭ｦｨ�易ﾇ5vt偆騨�%ﾁ漆ｲﾜ�MX      ｲｲhﾖT
 �51610227966 ], [ 139.73969875872632, 35.62385665520609 ], [ 139.73969809129136, 35.623860981311566 ] ] ] } },
{ "type": "Feature", "properties": { "SAFIELD000": 11999, "SAFIELD001": 8272, "SAFIELD002": 2, "SAFIELD003": 5.0 }, "geometry": { "type": "Polygon", "coordinates": [ [ [ 139.73928181136179, 35.623832714281306 ], [ 139.73928577314516, 35.62384344379651 ], [ 139.73928510273262, 35.623850293761492 ], [ 139.73928697338468, 35.623855523225984 ], [ 139.73928973429625, 35.623854714139107 ], [ 139.7392909596559, 35.623845340743159 ], [ 139.73929715041226, 35.623838134534992 ], [ 139.73929903394, 35.623832367172824 ], [ 139.73929739379389, 35.623818845191991 ], [ 139.73929795232917, 35.623813257071646 ], [ 139.73929630585141, 35.623805143366106 ], [ 139.73929586900701, 35.623801086814922 ], [ 139.73928891327498, 35.623801622213584 ], [ 139.73928757593416, 35.623812347592235 ], [ 139.7392863477248, 35.623824154712104 ], [ 139.73928181136179, 35.623832714281306 ] ] ] } },
{ "type": "Feature", "properties": { "SAFIELD000": 12000, "SAFIELD001": 8277, "SAFIELD002": 1, "SAFIELD003": 1.0 }, "geometry": { "type": "Polygon", "coordinates": [ [ [ 139.7394649451964, 35.62384754959988 ], [ 139.73946648666629, 35.623851066183036 ], [ 139.73947366720122, 35.623847105705096 ], [ 139.73947466542219, 35.623843140410571 ], [ 139.73947356407112, 35.62384088610245 ], [ 139.73946881641112, 35.623841333093687 ], [ 139.73946572167279, 35.623844395374689 ], [ 139.7394649451964, 35.62384754959988 ] ] ] } },
{ "type": "Feature", "properties": { "SAFIELD000": 12001, "SAFIELD001": 8305, "SAFIELD002": 1, "SAFIELD003": 8.0 }, "geometry": { "type": "Polygon", "coordinates": [ [ [ 139.73947953885911, 35.623829533368429 ], [ 139.73948284754692, 35.623832330224012 ], [ 139.73949035632572, 35.623830893864884 ], [ 139.73949908812239, 35.623822067141447 ], [ 139.73951268629196, 35.623805672614651 ], [ 139.73951490499974, 35.623796480265902 ], [ 139.73951711749493, 35.623792606054543 ], [