町丁目,世帯数[世帯],男[人],女[人],合計[人]
両国一丁目,867,669,673,1342
両国二丁目,1216,987,961,1948
両国三丁目,1170,864,926,1790
両国四丁目,1159,909,917,1826
千歳一丁目,931,787,788,1575
千歳二丁目,553,488,442,930
千歳三丁目,1369,1150,1139,2289
緑一丁目,1670,1465,1344,2809
緑二丁目,1639,1533,1633,3166
緑三丁目,1444,1304,1243,2547
緑四丁目,2364,2066,1866,3932
立川一丁目,846,612,662,1274
立川二丁目,848,685,670,1355
立川三丁目,995,816,823,1639
立川四丁目,897,719,680,1399
菊川一丁目,910,771,845,1616
菊川二丁目,1336,1040,1149,2189
菊川三丁目,2117,1802,1900,3702
江東橋一丁目,856,662,623,1285
江東橋二丁目,1245,1049,950,1999
江東橋三丁目,484,356,222,578
江東橋四丁目,1441,1038,1008,2046
江東橋五丁目,1622,1469,1446,2915
横網一丁目,127,152,142,294
横網二丁目,668,569,573,1142
亀沢一丁目,1180,1024,1022,2046
亀沢二丁目,928,806,936,1742
亀沢三丁目,958,1002,945,1947
亀沢四丁目,1409,1264,1205,2469
石原一丁目,1461,1178,1200,2378
石原二丁目,1349,1225,1198,2423
石原三丁目,1607,1469,1312,2781
石原四丁目,1412,1314,1231,2545
本所一丁目,1575,1458,1427,2885
本所二丁目,913,792,833,1625
本所三丁目,975,890,870,1760
本所四丁目,1295,1182,1099,2281
東駒形一丁目,739,596,590,1186
東駒形二丁目,828,743,759,1502
東駒形三丁目,839,722,719,1441
東駒形四丁目,1400,1181,1199,2380
吾妻橋一丁目,1259,970,1054,2024
吾妻橋二丁目,884,676,718,1394
吾妻橋三丁目,854,792,839,1631
錦糸一丁目,1231,942,902,1844
錦糸二丁目,368,290,236,526
錦糸三丁目,391,325,262,587
錦糸四丁目,899,800,812,1612
太平一丁目,1682,1613,1580,3193
太平二丁目,832,703,573,1276
太平三丁目,733,591,578,1169
太平四丁目,2506,2250,2293,4543
横川一丁目,770,821,710,1531
横川二丁目,854,749,638,1387
横川三丁目,626,558,511,1069
横川四丁目,690,632,554,1186
横川五丁目,1424,1225,1555,2780
業平一丁目,1467,1388,1534,2922
業平二丁目,798,673,630,1303
業平三丁目,844,653,669,1322
業平四丁目,1134,883,979,1862
業平五丁目,1129,1066,1150,2216
向島一丁目,1273,1063,1044,2107
向島二丁目,1434,1225,1306,2531
向島三丁目,2394,2087,2085,4172
向島四丁目,1305,1240,1301,2541
向島五丁目,2472,2094,2059,4153
東向島一丁目,1610,1499,1437,2936
東向島二丁目,2800,2423,2542,4965
東向島三丁目,1575,1604,1651,3255
東向島四丁目,1866,1665,1723,3388
東向島五丁目,2095,1823,1955,3778
東向島六丁目,2860,2646,2680,5326
堤通一丁目,1121,1162,1100,2262
堤通二丁目,2012,1830,2244,4074
墨田一丁目,1392,1451,1592,3043
墨田二丁目,1997,1962,1908,3870
墨田三丁目,1907,1805,1753,3558
墨田四丁目,2403,2310,2391,4701
墨田五丁目,1516,1397,1350,2747
押上一丁目,1280,1032,1106,2138
押上二丁目,2019,1800,1943,3743
押上三丁目,2232,2155,2039,4194
京島一丁目,3550,3333,3589,6922
京島二丁目,977,936,832,1768
京島三丁目,2279,2128,2008,4136
文花一丁目,2872,2496,2969,5465
文花二丁目,1210,1109,1146,2255
文花三丁目,1178,1350,1301,2651
八広一丁目,1815,1723,1599,3322
八広二丁目,2031,2037,2012,4049
八広三丁目,1830,1806,1699,3505
八広四丁目,2098,2101,2049,4150
八広五丁目,1535,1420,1443,2863
八広六丁目,2047,2025,1917,3942
立花一丁目,3144,2793,2938,5731
立花二丁目,816,727,718,1445
立花三丁目,1421,1322,1330,2652
立花四丁目,1812,1810,1752,3562
立花五丁目,1756,1981,1910,3891
立花六丁目,1131,1105,1190,2295
東墨田一丁目,61,70,58,128
東墨田二丁目,699,667,617,1284
東墨田三丁目,383,418,382,800
12,1612
�55388509 ], [ 139.70302268547411, 35.60379090410121 ], [ 139.70301550918225, 35.603792248414919 ], [ 139.70301219659777, 35.603793146215295 ], [ 139.70300568194548, 35.603794851797012 ], [ 139.70300402243763, 35.603797283735496 ] ] ] } },
{ "type": "Feature", "properties": { "SAFIELD000": 60195, "SAFIELD001": 47615, "SAFIELD002": 1, "SAFIELD003": 5.0 }, "geometry": { "type": "Polygon", "coordinates": [ [ [ 139.70349186795789, 35.603793663996235 ], [ 139.70349230201475, 35.603798261515621 ], [ 139.70349450957588, 35.603798173755884 ], [ 139.70349671553532, 35.603799077515333 ], [ 139.70349892309645, 35.603798989755525 ], [ 139.70350190281627, 35.603799173242372 ], [ 139.70350775406902, 35.603798188025266 ], [ 139.70351768889472, 35.603797297345231 ], [ 139.70352541630476, 35.603796404286612 ], [ 139.70353866225321, 35.603795517171463 ], [ 139.70354517951429, 35.603792189074895 ], [ 139.70354639897815, 35.603788855272313 ], [ 139.70354419680282, 35.603785607922845 ], [ 139.70354309600634, 35.603783803971865 ], [ 139.703540341832, 35.603780646166079 ], [ 139.70353636746597, 35.603781272853283 ], [ 139.7035281911503, 35.603786762480802 ], [ 139.70351549982314, 35.603785937565149 ], [ 139.70350335234198, 35.603790070838876 ], [ 139.70349186795789, 35.603793663996235 ] ] ] } },
{ "type": "Feature", "properties": { "SAFIELD000": 60196, "SAFIELD001": 47707, "SAFIELD002": 1, "SAFIELD003": 9.0 }, "geometry": { "type": "Polygon", "coordinates": [ [ [ 139.70334426490334, 35.603748345596742 ], [ 139.70334668416655, 35.603753846640771 ], [ 139.70334799360037, 35.603763132294944 ], [ 139.70335593198413, 35.603768278738791 ], [ 139.70335990678819, 35.603767381643195 ], [ 139.70336763565459, 35.603765587213566 ], [ 139.70337481150102, 35.603764513293193 ], [ 139.70337978984293, 35.603757307600347 ], [ 139.70337859121344, 35.603747751651191 ], [ 139.70337142790288, 35.603741073694124 ], [ 139.7033650323784, 35.603737371127593 ], [ 139.7033610615114, 35.603735834494316 ], [ 139.70336051038672, 35.603735383208559 ], [ 139.70335178847841, 35.603736996290102 ], [ 139.70334460111769, 35.603745191119984 ], [ 139.70334426490334, 35.603748345596742 ] ] ] } },
{ "type": "Feature", "properties": { "SAFIELD000": 60197, "SAFIELD001": 47708, "SAFIELD002": 1, "SAFIELD003": 2.0 }, "geometry": { "type": "Polygon", "coordinates": [ [ [ 139.70324932027384, 35.603764197617792 ], [ 139.70325295623502, 35.603768077488226 ], [ 139.70326046319536, 35.603767003932091 ], [ 139.70326698163251, 35.603762954745662 ], [ 139.70327151631324, 35.60375710065248 ], [ 139.70326953226581, 35.603755476022258 ], [ 139.70326710527695, 35.603754752296616 ], [ 139.70326666466929, 35.603754210991447 ], [ 139.70325982095562, 35.60375465429599 ], [ 139.70325209135848, 35.603756899409269 ], [ 139.703249876504, 35.603761494070156 ], [ 139.70324932027384, 35.603764197617792 ] ] ] } },
{ "type": "Feature", "properties": { "SAFIELD000": 60198, "SAFIELD001": 47727, "SAFIELD002": 1, "SAFIELD003": 1.0 }, "geometry": { "type": "Polygon", "coordinates": [ [ [ 139.70304813080136, 35.603753884785426 ], [ 139.70305253598696, 35.603759838673724 ], [ 139.70305518926733, 35.603757137394098 ], [ 139.703056739717, 35.60375389409257 ], [ 139.70305542169694, 35.603749926583852 ], [ 139.70305409856337, 35.603749113909004 ], [ 139.70305365795718, 35.603748572603052 ], [ 139.70304879974668, 35.603749739148277 ], [ 139.70304813080136, 35.603753884785426 ] ] ] } },
{ "type": "Feature", "properties": { "SAFIELD000": 60199, "SAFIELD001": 47728, "SAFIELD002": 1, "SAFIELD003": 2.0 }, "geometry": { "type": "Polygon", "coordinates": [ [ [ 139.7035502041268, 35.603756319455186 ], [ 139.70355637993868, 35.603759390807383 ], [ 139.70356454868198, 35.603758588359796 ], [ 139.70357371789214, 35.603753370213717 ], [ 139.70357681365633, 35.603750038431158 ], [ 139.70357350835584, 35.603746429341328 ], [ 139.70356335352329, 35.603746869097712 ], [ 139.70355120634159, 35.603750822100096 ], [ 139.7035502041268, 35.603756319455186 ] ] ] } },
{ "type": "Feature", "properties": { "SAFIELD000": 60200, "SAFIELD001": 47804, "SAFIELD002": 1, "SAFIELD003": 5.0 }, "geometry": { "type": "Polygon", "coordinates": [ [ [ 139.7030366096777, 35.603712048171936 ], [ 139.70304232761876, 35.603725214541605 ], [ 139.70304717998343, 35.603727653521105 ], [ 139.70305137786792, 35.603725314464569 ], [ 139.70305359813858, 35.603717384697184 ], [ 139.7030558106654, 35.603714232249679 ], [ 139.70306552532867, 35.603712980815814 ], [ 139.70307137920994, 35.603710373133872 ], [ 139.70307856119055, 35.603705513430427 ], [ 139.70307525401532, 35.603703076122414 ], [ 139.70307470289248, 35.60370262483535 ], [ 139.7030605747197, 35.603703060254446 ], [ 139.70305107948388, 35.603705123169583 ], [ 139.70304445782955, 35.603704755457542 ], [ 139.70303871534131, 35.603706732290732 ], [ 139.7030366096777, 35.603712048171936 ] ] ] } },
{ "type": "Feature", "properties": { "SAFIELD000": 60201, "SAFIELD001": 47860, "SAFIELD002": 1, "SAFIELD003": 8.0 }, "geometry": { "type": "Polygon", "coordinates": [ [ [ 139.70309313639657, 35.ﾓ�3�ｦ｡ﾌeｹ醋ﾟGU隆0ﾈ∂繒ﾂﾇ2ｼ｢Pcm猯ﾊ?`�ｴﾄｹ�ﾛ淲{u|t|,6ﾃｪ�ﾞ�ﾒﾞ�Zl3ｶｽｷｳwz睥ﾇﾖｷｧｦﾒSﾈ獨[�+U藺yL立GfF賺.彎喙杣YﾙYﾙ]英d_Fсﾙﾚﾟ>u�4ｩoqｬﾖｫﾚ蒜PﾑK'髜�0�0ﾇﾚ�X暠鰉d靖%汐､蜥繧q｡ﾟ>#)F.�騒ﾈoPnS芍ﾎﾎ応梔ﾎKﾛﾛ無�?ｽ`\ﾑ�6qm部TU邪`慎�4劵oﾑ染ﾊzﾝ!�2儉1屎H･h�Cﾙ�%Wxv都IF不贓ｶﾂ+ｫJ身｣)4 j贓赤ｅﾂ<�=2ﾓ_ﾃﾋsg�ﾟﾟｽ~ｲ竑x`      5敞� �41101435 ] ] ] } },
{ "type": "Feature", "properties": { "SAFIELD000": 35606, "SAFIELD001": 49112, "SAFIELD002": 1, "SAFIELD003": 5.0 }, "geometry": { "type": "Polygon", "coordinates": [ [ [ 139.72260287926585, 35.603111914697237 ], [ 139.72260618179519, 35.603118137274443 ], [ 139.72261125558313, 35.603120485532102 ], [ 139.72261644458362, 35.603119318501719 ], [ 139.72262031733936, 35.603112201134074 ], [ 139.72262474095069, 35.603105805378767 ], [ 139.72262608190169, 35.603093818216777 ], [ 139.72262498118249, 35.603091653886381 ], [ 139.72262332873811, 35.603089398910797 ], [ 139.72261692666424, 35.603089843720582 ], [ 139.72260853259306, 35.603094162646677 ], [ 139.7226073058587, 35.603103355626118 ], [ 139.72260287926585, 35.603111914697237 ] ] ] } },
{ "type": "Feature", "properties": { "SAFIELD000": 35609, "SAFIELD001": 48851, "SAFIELD002": 1, "SAFIELD003": 13.0 }, "geometry": { "type": "Polygon", "coordinates": [ [ [ 139.72207800716356, 35.603236813641473 ], [ 139.72208373230984, 35.60324700455449 ], [ 139.72209608615091, 35.603252514394718 ], [ 139.72211142884248, 35.603251627173144 ], [ 139.72211452244818, 35.603249286432593 ], [ 139.72211695545457, 35.603245773284442 ], [ 139.72211729616848, 35.603238832949991 ], [ 139.72211597521977, 35.603236307858573 ], [ 139.72211487401347, 35.603234504076312 ], [ 139.72211333793746, 35.60322792256293 ], [ 139.72210859888477, 35.60322296058267 ], [ 139.7221067297036, 35.6032178209745 ], [ 139.72209923115125, 35.603213036723474 ], [ 139.72209184010055, 35.603210325752059 ], [ 139.72209117875354, 35.603209694173465 ], [ 139.72208510752782, 35.603210319536998 ], [ 139.72207969390601, 35.603214280624321 ], [ 139.72207814348511, 35.603218065001464 ], [ 139.72207868260926, 35.603227259605532 ], [ 139.72207800716356, 35.603236813641473 ] ] ] } },
{ "type": "Feature", "properties": { "SAFIELD000": 35613, "SAFIELD001": 48553, "SAFIELD002": 1, "SAFIELD003": 438.0 }, "geometry": { "type": "Polygon", "coordinates": [ [ [ 139.72210884069975, 35.602649410791237 ], [ 139.72211533115944, 35.602664830431806 ], [ 139.72211741632765, 35.602673395495252 ], [ 139.72212204335796, 35.602679529170182 ], [ 139.72212446188007, 35.602686472051616 ], [ 139.72213227877313, 35.602700450702372 ], [ 139.72213546925875, 35.602707844987435 ], [ 139.72213689358568, 35.602715417919349 ], [ 139.72213876375474, 35.60271983642194 ], [ 139.72213986370764, 35.602722541586019 ], [ 139.72214096366056, 35.602725246750097 ], [ 139.72214283333133, 35.602730025805386 ], [ 139.72214426476671, 35.602732460860359 ], [ 139.72215252588828, 35.602744456876863 ], [ 139.72215681820148, 35.602753204252409 ], [ 139.722161766, 35.602766819700939 ], [ 139.72216649505589, 35.602778992734585 ], [ 139.7221736536128, 35.602790176487723 ], [ 139.72217562455663, 35.602801535732048 ], [ 139.72217925615425, 35.602809200837626 ], [ 139.72218685507181, 35.602821196240839 ], [ 139.7221902625671, 35.602831294873567 ], [ 139.72219322422279, 35.602844547935618 ], [ 139.72219597884995, 35.602847885593285 ], [ 139.72219906396285, 35.602851674247184 ], [ 139.72220368727088, 35.60286051206446 ], [ 139.72220919129342, 35.602870973183158 ], [ 139.72221425196983, 35.602882785967317 ], [ 139.72221765174541, 35.602898473166803 ], [ 139.72222778606377, 35.602912724362575 ], [ 139.72222909666925, 35.602922730922465 ], [ 139.72223635963707, 35.602938241406385 ], [ 139.72223822931844, 35.602943020460032 ], [ 139.72224692335863, 35.602961236411595 ], [ 139.72224879304116, 35.602966015465064 ], [ 139.72225110557306, 35.602969803405394 ], [ 139.72225429533282, 35.602977738516138 ], [ 139.72225803818753, 35.602984772753572 ], [ 139.72226243728252, 35.602996134234189 ], [ 139.72226750482503, 35.603002989415657 ], [ 139.72227080595388, 35.603010203522153 ], [ 139.72227455229881, 35.603014713889834 ], [ 139.72228071308015, 35.603029141695487 ], [ 139.72228247277008, 35.603033650232121 ], [ 139.72228621538073, 35.60304086474499 ], [ 139.72228830792412, 35.603044111652046 ], [ 139.72229006587139, 35.603049882123159 ], [ 139.72229226230962, 35.603057816317488 ], [ 139.72229468235201, 35.603063677536895 ], [ 139.72229666440194, 35.603067014480288 ], [ 139.72229908705981, 35.603070982797718 ], [ 139.72230051738529, 35.603074229094382 ], [ 139.7223015069786, 35.603076934155162 ], [ 139.72230646316353, 35.603084510338697 ], [ 139.72230822335413, 35.603088658322186 ], [ 139.72231030780677, 35.603097764210851 ], [ 139.72231492927361, 35.603107954096323 ], [ 139.72231779266627, 35.603112463649175 ], [ 139.72231922299326, 35.603115709945591 ], [ 139.72232197116131, 35.603123734785861 ], [ 139.72232626525593, 35.603131220220313 ], [ 139.72233023210055, 35.603135911065905 ], [ 139.72233132260484, 35.603145466730076 ], [ 139.72233407413603, 35.603151057839057 ], [ 139.72233230087221, 35.603156374365327 ], [ 139.72233504568203, 35.603166832936218 ], [ 139.72233436391889, 35.603180984021115 ], [ 139.72234108640703, 35.60318829141513 ], [ 139.72234130179478, 35.603192167560337 ], [ 139.7223389800412, 35.603195049847443 ], [ 139.72233444765041, 35.603200273694071 ], [ 139.72233609560777, 35.603205773648156 ], [ 139.72234116254737, 35.603213079517239 ], [ 139.72234336621429, 35.603215785695809 ], [ 139.72234666860331, 35.603222098418172 ], [ 139.72235063147079, 35.603229673684872 ], [ 139.72235271817206, 35.603237157085324 ], [ 139.72235734139463, 35.603246085034414 ], [ 139.72236152064883, 35.603256815340409 ], [ 139.72236526078805, 35.603265832614248 ], [ 139.7223667940232, 35.603274487302606 ], [ 139.72237186345868, 35.603279990406676 ], [ 139.72237207735492, 35.603284948209961 ], [ 139.7223687554241, 35.603292787182973 ], [ 139.72237790656612, 35.60329973625791 ], [ 139.72238242216224, 35.603306681064325 ], [ 139.7223848381127, 35.603315516841704 ], [ 139.72238626993905, 35.603317681479062 ], [ 139.72238847261499, 35.603321108762223 ], [ 139.72239022995339, 35.603327329922529 ], [ 139.72239618459488, 35.603331211351147 ], [ 139.72240269407371, 35.603332929971103 ], [ 139.72240390553364, 35.603334823990494 ], [ 139.72240500525496, 35.603337709428281 ], [ 139.72240919496949, 35.603340868125237 ], [ 139.72241382380187, 35.603345739853843 ], [ 139.72242275906416, 35.603349173333086 ], [ 139.72243477947057, 35.603356395459258 ], [ 139.72243355905505, 35.603360991389252 ], [ 139.72243200665804, 35.603366217981765 ], [ 139.7224335428871, 35.603372709352804 ], [ 139.72243496588572, 35.603381273800416 ], [ 139.72243992956368, 35.603383441687285 ], [ 139.72244864844302, 35.60338372012513 ], [ 139.722455606869, 35.603380030857572 ], [ 139.72245285134247, 35.603377324173351 ], [ 139.72244689445645, 35.603375065234822 ], [ 139.72244800549598, 35.603369748097705 ], [ 139.72245374922619, 35.603366508404022 ], [ 139.7224646778713, 35.603365076246284 ], [ 139.72247218851919, 35.603361117070918 ], [ 139.72247264168675, 35.603352644487991 ], [ 139.72246779807782, 35.603343445925852 ], [ 139.72246814012951, 35.603335514070466 ], [ 139.72246031652659, 35.603326312766413 ], [ 139.72245690810615, 35.603316845109312 ], [ 139.72245570771184, 35.603306928792236 ], [ 139.72245383800913, 35.603302149742206 ], [ 139.72245054008499, 35.603292592048284 ], [ 139.7224459195852, 35.603281681062811 ], [ 139.72244284004032, 35.603273836197232 ], [ 139.72243391660047, 35.603261839592086 ], [ 139.72243369896941, 35.603259585934374 ], [ 139.72243403928297, 35.603252916013545 ], [ 139.72243272242824, 35.603247416365548 ], [ 139.72243162494578, 35.60324290844067 ], [ 139.72242722146029, 35.603234701803039 ], [ 139.72242172273297, 35.603220364752964 ], [ 139.72242062276388, 35.60321765959165 ], [ 139.72241853332028, 