町丁目,世帯数[世帯],男[人],女[人],合計[人]
両国一丁目,868,670,682,1352
両国二丁目,1239,1000,991,1991
両国三丁目,1213,885,962,1847
両国四丁目,1170,927,904,1831
千歳一丁目,962,804,831,1635
千歳二丁目,578,504,467,971
千歳三丁目,1390,1161,1156,2317
緑一丁目,1718,1479,1366,2845
緑二丁目,1721,1585,1667,3252
緑三丁目,1480,1329,1264,2593
緑四丁目,2531,2188,2017,4205
立川一丁目,860,616,678,1294
立川二丁目,844,679,668,1347
立川三丁目,997,806,825,1631
立川四丁目,983,753,748,1501
菊川一丁目,944,800,861,1661
菊川二丁目,1403,1054,1196,2250
菊川三丁目,2148,1812,1904,3716
江東橋一丁目,848,662,601,1263
江東橋二丁目,1259,1060,966,2026
江東橋三丁目,499,368,227,595
江東橋四丁目,1457,1084,963,2047
江東橋五丁目,1629,1472,1463,2935
横網一丁目,129,150,139,289
横網二丁目,664,573,568,1141
亀沢一丁目,1174,1003,1022,2025
亀沢二丁目,975,837,977,1814
亀沢三丁目,992,1038,970,2008
亀沢四丁目,1408,1263,1212,2475
石原一丁目,1476,1181,1217,2398
石原二丁目,1409,1252,1237,2489
石原三丁目,1680,1526,1352,2878
石原四丁目,1416,1299,1245,2544
本所一丁目,1582,1441,1418,2859
本所二丁目,890,777,823,1600
本所三丁目,976,885,859,1744
本所四丁目,1341,1221,1133,2354
東駒形一丁目,782,618,618,1236
東駒形二丁目,817,737,742,1479
東駒形三丁目,894,741,738,1479
東駒形四丁目,1405,1159,1211,2370
吾妻橋一丁目,1282,961,1085,2046
吾妻橋二丁目,897,672,721,1393
吾妻橋三丁目,852,774,825,1599
錦糸一丁目,1269,967,915,1882
錦糸二丁目,373,298,226,524
錦糸三丁目,412,335,270,605
錦糸四丁目,918,822,816,1638
太平一丁目,1723,1637,1603,3240
太平二丁目,856,727,576,1303
太平三丁目,788,631,606,1237
太平四丁目,2515,2240,2282,4522
横川一丁目,780,824,717,1541
横川二丁目,894,760,676,1436
横川三丁目,627,542,511,1053
横川四丁目,687,626,555,1181
横川五丁目,1393,1191,1514,2705
業平一丁目,1499,1402,1541,2943
業平二丁目,786,678,618,1296
業平三丁目,841,666,667,1333
業平四丁目,1145,880,974,1854
業平五丁目,1134,1060,1157,2217
向島一丁目,1291,1049,1062,2111
向島二丁目,1538,1277,1385,2662
向島三丁目,2486,2183,2161,4344
向島四丁目,1316,1250,1302,2552
向島五丁目,2518,2146,2069,4215
東向島一丁目,1650,1515,1450,2965
東向島二丁目,2821,2400,2544,4944
東向島三丁目,1603,1627,1652,3279
東向島四丁目,1903,1684,1747,3431
東向島五丁目,2110,1818,1968,3786
東向島六丁目,2919,2664,2687,5351
堤通一丁目,1149,1159,1112,2271
堤通二丁目,2018,1801,2228,4029
墨田一丁目,1407,1472,1604,3076
墨田二丁目,1970,1901,1921,3822
墨田三丁目,1978,1816,1781,3597
墨田四丁目,2405,2306,2377,4683
墨田五丁目,1543,1407,1392,2799
押上一丁目,1318,1031,1132,2163
押上二丁目,1972,1757,1919,3676
押上三丁目,2242,2138,2077,4215
京島一丁目,3559,3336,3590,6926
京島二丁目,973,928,837,1765
京島三丁目,2295,2131,2008,4139
文花一丁目,2915,2498,2968,5466
文花二丁目,1242,1123,1169,2292
文花三丁目,1186,1349,1310,2659
八広一丁目,1807,1696,1618,3314
八広二丁目,2081,2049,2013,4062
八広三丁目,1831,1813,1672,3485
八広四丁目,2128,2113,2073,4186
八広五丁目,1547,1414,1440,2854
八広六丁目,2058,2030,1915,3945
立花一丁目,3099,2735,2913,5648
立花二丁目,810,730,717,1447
立花三丁目,1527,1408,1413,2821
立花四丁目,1805,1795,1716,3511
立花五丁目,1778,2007,1966,3973
立花六丁目,1118,1078,1180,2258
東墨田一丁目,63,71,57,128
東墨田二丁目,702,660,609,1269
東墨田三丁目,378,412,380,792
文花三丁目,1D000": 16231, "SAFIELD001": 57327, "SAFIELD002": 1, "SAFIELD003": 132.0 }, "geometry": { "type": "Polygon", "coordinates": [ [ [ 139.73743559162125, 35.59804912080704 ], [ 139.73743602393384, 35.598056782914128 ], [ 139.73744109590211, 35.598060753039036 ], [ 139.73744285289428, 35.598068145784936 ], [ 139.73744593768373, 35.598072655158809 ], [ 139.73744791583277, 35.59807968752704 ], [ 139.73744934625213, 35.598083294200663 ], [ 139.73745165979116, 35.598086721300106 ], [ 139.73745474028172, 35.598094836205874 ], [ 139.73745020722509, 35.598101683116937 ], [ 139.73744876777462, 35.598105648060773 ], [ 139.73745339442405, 35.598112862812826 ], [ 139.73745471491119, 35.598116108845353 ], [ 139.73745724724259, 35.598121158609715 ], [ 139.737466511832, 35.598126123591172 ], [ 139.73747190833902, 35.598135592414572 ], [ 139.73747344794131, 35.598140190697002 ], [ 139.73747001873014, 35.598146858210001 ], [ 139.73747023623187, 35.598149562534644 ], [ 139.73747486933456, 35.598151368987686 ], [ 139.73748237531859, 35.598150293297095 ], [ 139.73748568943714, 35.598147591781284 ], [ 139.73748536565554, 35.598141462113404 ], [ 139.73749585971734, 35.598133448142526 ], [ 139.7374977390067, 35.598130835623735 ], [ 139.73749200818378, 35.598124070687248 ], [ 139.73748947499041, 35.598119742030043 ], [ 139.73748782814096, 35.598112529649249 ], [ 139.73748662005755, 35.598107571077101 ], [ 139.73748684583467, 35.598103334752402 ], [ 139.73749380193286, 35.59810063613277 ], [ 139.73749898878285, 35.598100820534263 ], [ 139.73750329079414, 35.598102626722948 ], [ 139.73751498509125, 35.59810615141847 ], [ 139.73752414307924, 35.598107961467157 ], [ 139.73752976740769, 35.598111481335501 ], [ 139.73753561536293, 35.598112567644847 ], [ 139.73754201975225, 35.598109778445497 ], [ 139.73754666660136, 35.598100047192979 ], [ 139.73755131806732, 35.598086439993232 ], [ 139.73755507900265, 35.59807923191115 ], [ 139.7375574041439, 35.598072924071779 ], [ 139.73755961677401, 35.598068418910728 ], [ 139.73756382173701, 35.598059047859877 ], [ 139.73756802143762, 35.598054093585759 ], [ 139.73758987481833, 35.598052849011729 ], [ 139.73760234036516, 35.598057455972189 ], [ 139.73761756466718, 35.598062335537627 ], [ 139.73762705374165, 35.598064145841455 ], [ 139.73764338124766, 35.598069386833274 ], [ 139.7376528695726, 35.598071828103201 ], [ 139.73765673024087, 35.598073543797625 ], [ 139.73766433724603, 35.598080310215742 ], [ 139.73767117364167, 35.598085453530665 ], [ 139.73767083536606, 35.598091492534202 ], [ 139.73767115851805, 35.59809816303148 ], [ 139.73766563371356, 35.598103747225991 ], [ 139.73766441113824, 35.598110957326568 ], [ 139.73766164948631, 35.598113118455558 ], [ 139.73765855620854, 35.598115730013177 ], [ 139.73765667617386, 35.598118973502622 ], [ 139.73765346985061, 35.598123838430062 ], [ 139.73765798830186, 35.598129250320582 ], [ 139.73766802962979, 35.598130700506033 ], [ 139.73767421650743, 35.598125206975354 ], [ 139.73768095466352, 35.598120164573835 ], [ 139.73768195361561, 35.598115388032113 ], [ 139.73768328387141, 35.598110431476535 ], [ 139.73768152631993, 35.598103489425689 ], [ 139.7376898140609, 35.598094662441206 ], [ 139.73769158351615, 35.598091599140254 ], [ 139.73768651818258, 35.59808204045104 ], [ 139.73768310529297, 35.598075006948022 ], [ 139.73767903462306, 35.598064277248831 ], [ 139.73767771841779, 35.598057425686562 ], [ 139.73768147762448, 35.598051659813351 ], [ 139.73769571777777, 35.598048876824706 ], [ 139.73770620955491, 35.598042755739748 ], [ 139.73770378585775, 35.598039148280961 ], [ 139.73769859708111, 35.598040586377763 ], [ 139.73768965660568, 35.59804148066663 ], [ 139.73768159731807, 35.598043817868458 ], [ 139.73767166668549, 35.59804209735681 ], [ 139.73766230267154, 35.598027938196381 ], [ 139.73765965642718, 35.598025862912664 ], [ 139.7376530364721, 35.598024325304472 ], [ 139.73764365315125, 35.598026391037401 ], [ 139.7376358134095, 35.598029719932789 ], [ 139.73762808478128, 35.598032417947167 ], [ 139.73761671267124, 35.598036375004803 ], [ 139.73760843716391, 35.59803492621765 ], [ 139.73760104252136, 35.598035190759049 ], [ 139.73759651785332, 35.598035006887983 ], [ 139.73759099948899, 35.598035182780869 ], [ 139.73758548155402, 35.598034998120298 ], [ 139.73757577283163, 35.598032286254764 ], [ 139.73756850100764, 35.598022094838555 ], [ 139.73755968303021, 35.598012803577078 ], [ 139.73755395468049, 35.598003965462397 ], [ 139.73754899275096, 35.598000265844831 ], [ 139.73753817922309, 35.597998544620459 ], [ 139.73753707666776, 35.597997642360156 ], [ 139.73752526729589, 35.5979980836644 ], [ 139.73752184249963, 35.598001055508547 ], [ 139.73751995988383, 35.598006462315226 ], [ 139.73752381538972, 35.59801250465253 ], [ 139.7375261283928, 35.598016382442111 ], [ 139.73751552205252, 35.598026018817521 ], [ 139.7375141874904, 35.598034580903466 ], [ 139.73751219719622, 35.598037734164642 ], [ 139.73751097869081, 35.598041519008163 ], [ 139.73751329223128, 35.598044946106441 ], [ 139.73751505449403, 35.598047922074429 ], [ 139.73751647986651, 35.598055765247565 ], [ 139.73751879426703, 35.598058471239298 ], [ 139.73751989574873, 35.598060274882805 ], [ 139.73752165811948, 35.598063160712378 ], [ 139.7375243013536, 35.598067759871604 ], [ 139.73752197739162, 35.598073076188996 ], [ 139.73751888443317, 35.598075417328126 ], [ 139.73750773518665, 35.598077571784842 ], [ 139.7374906231108, 35.598082425650269 ], [ 139.73748201769405, 35.598079985069802 ], [ 139.73746768823244, 35.5980651008379 ], [ 139.73745920468343, 35.598053015545091 ], [ 139.73745259139528, 35.598045889351063 ], [ 139.73745150399856, 35.598032277589134 ], [ 139.73744412214992, 35.598021815662733 ], [ 139.73744092613939, 35.598018027307383 ], [ 139.73743827301979, 35.598021720870278 ], [ 139.73744157778057, 35.598026861388064 ], [ 139.73744267388429, 35.598033171947478 ], [ 139.73744377428875, 35.59803587697472 ], [ 139.737444ﾄﾊｾｸｬﾌ｡oﾃ|� �947, 35.600927575987917 ], [ 139.74594984988806, 35.600924879842736 ], [ 139.74597026993578, 35.600922911603945 ], [ 139.74598351740207, 35.600919766364434 ], [ 139.74599190646779, 35.600918690784525 ], [ 139.74600294659308, 35.60091554394306 ], [ 139.74600923897938, 35.600914196427468 ], [ 139.74602590546905, 35.600913216981198 ], [ 139.74603451771478, 35.600909888101171 ], [ 139.74603496906974, 35.600900784454431 ], [ 139.7460327679959, 35.600895014005324 ], [ 139.74603034442637, 35.600890865885361 ], [ 139.74602593111942, 35.600889600751152 ], [ 139.74601985927339, 35.600891128704113 ], [ 139.74601378067092, 35.600898876198272 ], [ 139.74600693772413, 35.600899051516556 ], [ 139.74599734226302, 35.600893095431651 ], [ 139.74597725704675, 35.600891638660336 ], [ 139.74597008828977, 35.600886946269242 ], [ 139.74595618156613, 35.600887386878689 ], [ 139.74594051387129, 35.600883319291839 ], [ 139.74593919074215, 35.600882146533735 ], [ 139.74593091273252, 35.600882591222053 ], [ 139.74592450949038, 35.600884389344913 ], [ 139.74589426777479, 35.600885449066553 ], [ 139.74588808467712, 35.600887788177339 ], [ 139.74588652806719, 35.600898333235186 ], [ 139.7458814487359, 35.600900583008197 ], [ 139.74586842327773, 35.600902556599038 ], [ 139.74586488555212, 35.60090805247092 ] ] ] } },
{ "type": "Feature", "properties": { "SAFIELD000": 7858, "SAFIELD001": 53277, "SAFIELD002": 1, "SAFIELD003": 31.0 }, "geometry": { "type": "Polygon", "coordinates": [ [ [ 139.74522559751938, 35.600845751862515 ], [ 139.74522978553296, 35.600851163225592 ], [ 139.74523441797837, 35.600853870762805 ], [ 139.74524181078169, 35.600855498657396 ], [ 139.74526410281939, 35.600857407855806 ], [ 139.74527094319674, 35.600859576175026 ], [ 139.74527866591714, 35.600862285968681 ], [ 139.74529002995607, 35.600865719529004 ], [ 139.74529863502067, 35.600868970796114 ], [ 139.74530591568305, 35.600872221095202 ], [ 139.74531242703475, 35.600872496266298 ], [ 139.74531806018859, 35.600868444154699 ], [ 139.74532016248926, 35.600863578219005 ], [ 139.74531608907986, 35.600854290993581 ], [ 139.74531366811476, 35.600847799263889 ], [ 139.74530893003805, 35.600840765011576 ], [ 139.74530739092307, 35.600835265447778 ], [ 139.74530618103336, 35.600831478753157 ], [ 139.74530685201952, 35.600823456929767 ], [ 139.74530266439703, 35.60081768501621 ], [ 139.74529748061084, 35.600814526387069 ], [ 139.74529692927027, 35.600814075292533 ], [ 139.74528809933133, 35.600814609671858 ], [ 139.74527694527052, 35.600821001345366 ], [ 139.74526424666459, 35.600826851058983 ], [ 139.74525552442421, 35.600829819250187 ], [ 139.74525121804274, 35.600831709008155 ], [ 139.74523145565755, 35.60083782397021 ], [ 139.74522582240269, 35.600841966216073 ], [ 139.74522559751938, 35.600845751862515 ] ] ] } },
{ "type": "Feature", "properties": { "SAFIELD000": 7859, "SAFIELD001": 53390, "SAFIELD002": 1, "SAFIELD003": 7.0 }, "geometry": { "type": "Polygon", "coordinates": [ [ [ 139.74509774296274, 35.600790403507219 ], [ 139.74509950081736, 35.600797706000975 ], [ 139.74510534412434, 35.600803298857045 ], [ 139.74511461266169, 35.600805378824447 ], [ 139.74512278435645, 35.600801238441854 ], [ 139.74512853272813, 35.600792769644023 ], [ 139.74513019505471, 35.600786551314243 ], [ 139.74512843284558, 35.600783214905341 ], [ 139.74512214540061, 35.600780055460845 ], [ 139.74511894723685, 35.600777799660968 ], [ 139.74511817852724, 35.600774283702435 ], [ 139.74511177616597, 35.600775270537596 ], [ 139.74510879487792, 35.600776530292052 ], [ 139.74510470962517, 35.600778059653258 ], [ 139.74510040037367, 35.60078256341604 ], [ 139.74509774296274, 35.600790403507219 ] ] ] } },
{ "type": "Feature", "properties": { "SAFIELD000": 7860, "SAFIELD001": 53470, "SAFIELD002": 1, "SAFIELD003": 42.0 }, "geometry": { "type": "Polygon", "coordinates": [ [ [ 139.74512660627971, 35.600637369708927 ], [ 139.7451300141928, 35.600649631019756 ], [ 139.74513430978715, 35.600657566339031 ], [ 139.74513761287383, 35.600664779824932 ], [ 139.7451469748531, 35.600682273517187 ], [ 139.74514883546235, 35.600696516738964 ], [ 139.745152360373, 35.600702738864818 ], [ 139.74515709823015, 35.600709953399985 ], [ 139.74515962835869, 35.600717526873083 ], [ 139.74515785359273, 35.600725638026546 ], [ 139.74515519589269, 35.600733748533926 ], [ 139.74515706401914, 35.60074114124594 ], [ 139.74516665841105, 35.600747998780612 ], [ 139.74517625675878, 35.600751250783212 ], [ 139.74519722357437, 35.600753880131414 ], [ 139.74520771266475, 35.600750011852881 ], [ 139.74521467377335, 35.600742715736317 ], [ 139.74521699928067, 35.600735596506638 ], [ 139.74521557330735, 35.600727573150344 ], [ 139.74521204848949, 35.600721260888065 ], [ 139.74520355875208, 35.600713502781261 ], [ 139.74519175623675, 35.600707364741346 ], [ 139.74519153866618, 35.600704480154825 ], [ 139.74519232250026, 35.600694204955552 ], [ 139.74518912927988, 35.600687442243313 ], [ 139.74518372675016, 35.600682480682103 ], [ 139.74517799134182, 35.600679141367557 ], [ 139.74516806170496, 35.600676069399427 ], [ 139.74516464310733, 35.600673543024371 ], [ 139.74515736938994, 35.600663983036789 ], [ 139.74514866387489, 35.60065171785034 ], [ 139.74514182984765, 35.600643780673948 ], [ 139.74513984493009, 35.600642246869292 ], [ 139.74513797057702, 35.600640532868809 ], [ 139.74513124207209, 35.600637012548511 ], [ 139.74513047019832, 35.600636381015065 ], [ 139.74512660627971, 35.600637369708927 ] ] ] } },
{ "type": "Feature", "properties": { "SAFIELD000": 7861, "SAFIELD001": 53490, "SAFIELD002": 1, "SAFIELD003": 26.0 }, "geometry": { "type": "Polygon", "coordinates": [ [ [ 139.74560992882368, 35.600713889411765 ], [ 139.74561146707177, 35.600720200216401 ], [ 139.74562061836113, 35.600728589744485 ], [ 139.7456275689072, 35.600730938400396 ], [ 139.74563385843339, 35.600732204914593 ], [ 139.74564223794599, 35.600739872772536 ], [ 139.74565029432409, 35.600740239187971 ], [ 139.74565802156835, 35.600738802596304 ], [ 139.74566133807562, 35.600733757261189 ], [ 139.74566245747229, 35.600719335938599 ], [ 139.74566049466296, 35.600697521028472 ], [ 139.74565851484644, 35.600691300041554 ], [ 139.74565720126111, 35.600681383866672 ], [ 139.74565312172612, 35.600677685225982 ], [ 139.74564970321146, 35.600675068726396 ], [ 139.74564915186986, 35.600674617633459 ], [ 139.74563656958102, 35.600675059169717 ], [ 139.74562564141476, 35.600676763845527 ], [ 139.74561890373812, 35.60068162641295 ], [ 139.74561734935921, 35.600690098287096 ], [ 139.74561811110641, 35.600700014060727 ], [ 139.74561567605585, 35.600706412111634 ], [ 139.74560992882368, 35.600713889411765 ] ] ] } },
{ "type": "Feature", "properties": { "SAFIELD000": 7862, "SAFIELD001": 53524, "SAFIELD002": 1, "SAFIELD003": 13.0 }, "geometry": { "type": "Polygon", "coordinates": [ [ [ 139.74521362227895, 35.60069512191567 ], [ 139.74521483196463, 35.600699088887872 ], [ 139.74521636869929, 35.600706751771774 ], [ 139.74522475014533, 35.600712616893048 ], [ 139.74522695649119, 35.60071351988968 ], [ 139.74523699521743, 35.600717763731332 ], [ 139.74524593689563, 