選挙区名/登録者数,今回（平成29年6月：国内＋在外）(A)計,今回（平成29年6月：国内＋在外）男内訳,今回（平成29年6月：国内＋在外）女内訳,前回（平成29年3月：国内＋在外）(B)計,前回（平成29年3月：国内＋在外）男内訳,前回（平成29年3月：国内＋在外）女内訳,増（△）減(A-B)
総数,11265446,5525688,5739758,11254626,5520949,5733677,10820
東京都第1区,516348,249730,266618,515504,249358,266146,844
東京都第2区,463028,224988,238040,460544,223711,236833,2484
東京都第3区,505531,244831,260700,505115,244633,260482,416
東京都第4区,447366,226826,220540,447168,226818,220350,198
東京都第5区,500225,231728,268497,499624,231577,268047,601
東京都第6区,491120,231475,259645,490551,231200,259351,569
東京都第7区,468656,230205,238451,468349,229929,238420,307
東京都第8区,481031,228754,252277,480558,228505,252053,473
東京都第9区,468626,226642,241984,468091,226363,241728,535
東京都第10区,367941,183285,184656,367678,183164,184514,263
東京都第11区,464775,228753,236022,464869,228843,236026,△94
東京都第12区,410167,203713,206454,409914,203655,206259,253
東京都第13区,437605,219992,217613,437363,219882,217481,242
東京都第14区,391463,195012,196451,391215,194951,196264,248
東京都第15区,410898,202943,207955,410636,202900,207736,262
東京都第16区,475744,241313,234431,475236,241171,234065,508
東京都第17区,457198,228479,228719,456835,228313,228522,363
東京都第18区,435916,214851,221065,435831,214876,220955,85
東京都第19区,489168,238286,250882,488657,238079,250578,511
東京都第20区,416161,203016,213145,416104,203035,213069,57
東京都第21区,398159,198644,199515,397912,198519,199393,247
東京都第22区,489478,238968,250510,488568,238457,250111,910
東京都第23区,482167,234750,247417,481473,234421,247052,694
東京都第24区,470397,234954,235443,470357,234948,235409,40
東京都第25区,326278,163550,162728,326474,163641,162833,△196
4,248
東京w.kankyo.metro.tokyo.lg.jp/assessment/information/projects_list/227dtl.html
鬧占ｻ雁�ｴ�郁�蜍戊ｻ企ｧ占ｻ雁�ｴ縺ｮ險ｭ鄂ｮ��,229,蟆丞錐譛ｨ蟾晁ｲｨ迚ｩ鬧�ｷ｡蝨ｰ蝠�･ｭ譁ｽ險ｭ蟒ｺ遽我ｺ区･ｭ,豎滓擲蛹ｺ蛹礼�ゆｺ御ｸ∫岼1逡ｪ1蜿ｷ,35.678017,139.826279,JGD2011,譌･譛ｬ雋ｨ迚ｩ驩�％譬ｪ蠑丈ｼ夂､ｾ,"鬧占ｻ雁�ｴ蜿ｰ謨ｰ縲�邏�2,150蜿ｰ",謇狗ｶ壼ｮ御ｺ�,https://www.kankyo.metro.tokyo.lg.jp/assessment/information/projects_list/229dtl.html
鬧占ｻ雁�ｴ�郁�蜍戊ｻ企ｧ占ｻ雁�ｴ縺ｮ險ｭ鄂ｮ��,232,繝帙�繝�繧ｺ闡幄･ｿ蠎怜ｻｺ險ｭ莠区･ｭ,豎滓虻蟾晏玄譚ｱ闡幄･ｿ9-3253-1螟�,35.654400,139.883942,JGD2011,譬ｪ蠑丈ｼ夂､ｾ縲�蟲ｶ蠢�,"鬧占ｻ雁床謨ｰ縲�邏�1,500蜿ｰ�丈ｺ区･ｭ逕ｨ蝨ｰ髱｢遨阪��邏�38,000緕｡",謇狗ｶ壼ｮ御ｺ�,https://www.kankyo.metro.tokyo.lg.jp/assessment/information/projects_list/232dtl.html
鬧占ｻ雁�ｴ�郁�蜍戊ｻ企ｧ占ｻ雁�ｴ縺ｮ險ｭ鄂ｮ��,236,繧､繝医�繝ｨ繝ｼ繧ｫ繝峨�譁ｰ莠�譛牙ｺ励す繝ｧ繝�ヴ繝ｳ繧ｰ繧ｻ繝ｳ繧ｿ繝ｼ蟒ｺ遽我ｺ区･ｭ,闡幃｣ｾ蛹ｺ莠�譛�3荳∫岼縲∬ｶｳ遶句玄荳ｭ蟾�1荳∫岼,35.765186,139.850311,JGD2011,譬ｪ蠑丈ｼ夂､ｾ繧､繝医�繝ｨ繝ｼ繧ｫ蝣�,鬧占ｻ雁床謨ｰ縲�邏�2000蜿ｰ,謇狗ｶ壼ｮ御ｺ�,https://www.kankyo.metro.tokyo.lg.jp/assessment/information/projects_list/236dtl.html
鬧占ｻ雁�ｴ�郁�蜍戊ｻ企ｧ占ｻ雁�ｴ縺ｮ險ｭ鄂ｮ��,240,雎頑ｴｲ莠御ｸ∫岼�冶｡怜玄繝ｻ�碑｡怜玄�井ｸ�驛ｨ�牙膚讌ｭ譁ｽ險ｭ蟒ｺ險ｭ莠区･ｭ,豎滓擲蛹ｺ雎頑ｴｲ莠御ｸ∫岼,35.655270,139.792770,JGD2011,荳我ｺ穂ｸ榊虚逕｣譬ｪ蠑丈ｼ夂､ｾ,鬧占ｻ雁床謨ｰ邏�ｼ抵ｼ鯉ｼ撰ｼ撰ｼ仙床,謇狗ｶ壼ｮ御ｺ�,https://www.kankyo.metro.tokyo.lg.jp/assessment/information/projects_list/240dtl.html
鬧占ｻ雁�ｴ�郁�蜍戊ｻ企ｧ占ｻ雁�ｴ縺ｮ險ｭ鄂ｮ��,241,(莉ｮ遘ｰ)繧ｰ繝ｪ繝ｼ繝ｳ繧ｦ繧ｩ繝ｼ繧ｯ螟壽束蟒ｺ遽我ｺ区･ｭ,蜈ｫ邇句ｭ仙ｸょ挨謇�2荳∫岼56逡ｪ,35.611900,139.395996,JGD2011,繧ｳ繝ｼ繝翫Φ蝠�ｺ区�ｪ蠑丈ｼ夂､ｾ,鬧占ｻ雁�ｴ邏�2300蜿ｰ,謇狗ｶ壼ｮ御ｺ�,https://www.kankyo.metro.tokyo.lg.jp/assessment/information/projects_list/241dtl.html
鬧占ｻ雁�ｴ�郁�蜍戊ｻ企ｧ占ｻ雁�ｴ縺ｮ險ｭ鄂ｮ��,244,(莉ｮ遘ｰ�峨ム繧､繝､繝｢繝ｳ繝峨す繝�ぅ遶句ｷ昴�豁ｦ阡ｵ譚大ｱｱ�ｳ�｣蟒ｺ險ｭ莠区･ｭ,豁ｦ阡ｵ譚大ｱｱ蟶よｦ惹ｸ�荳∫岼蜿翫�遶句ｷ晏ｸゆｸ顔�ら伴蜈ｭ荳∫岼,35.740891,139.388016,JGD2011,豁ｦ阡ｵ譚大ｱｱ繝励Ο繝代ユ繧｣迚ｹ螳夂岼逧�ｼ夂､ｾ,"鬧占ｻ雁�ｴ蜿ｰ謨ｰ縲�邏�4,250蜿ｰ",謇狗ｶ壼ｮ御ｺ�,https://www.kankyo.metro.tokyo.lg.jp/assessment/information/projects_list/244dtl.html
鬧占ｻ雁�ｴ�郁�蜍戊ｻ企ｧ占ｻ雁�ｴ縺ｮ險ｭ鄂ｮ��,245,�井ｻｮ遘ｰ�峨う繧ｪ繝ｳ譌･縺ｮ蜃ｺ繧ｷ繝ｧ繝�ヴ繝ｳ繧ｰ繧ｻ繝ｳ繧ｿ繝ｼ蟒ｺ遽我ｺ区･ｭ,譌･縺ｮ蜃ｺ逕ｺ荳牙翠驥取｡懈惠蝨ｰ蛹ｺ蜀�,35.742031,139.257431,JGD2011,繧､繧ｪ繝ｳ繝｢繝ｼ繝ｫ譬ｪ蠑丈ｼ夂､ｾ,鬧占ｻ雁床謨ｰ縲�邏�ｼ費ｼ趣ｼ厄ｼ呻ｼ仙床,謇狗ｶ壼ｮ御ｺ�,https://www.kankyo.metro.tokyo.lg.jp/assessment/information/projects_list/245dtl.html
鬧占ｻ雁�ｴ�郁�蜍戊ｻ企ｧ占ｻ雁�ｴ縺ｮ險ｭ鄂ｮ��,246,譌･貂�ｴ｡譚ｱ莠ｬ蟾･蝣ｴ霍｡蝨ｰ繧､繝医�繝ｨ繝ｼ繧ｫ繝会ｽｰ�ｳ�｣蟒ｺ遽我ｺ区･ｭ,雜ｳ遶句玄隘ｿ譁ｰ莠墓��伴荳�荳∫岼�托ｼ倡分縲�ｼ托ｼ咏分縲�ｼ抵ｼ千分,35.773991,139.788361,JGD2011,譌･貂�ｴ｡邵ｾ譬ｪ蠑丈ｼ夂､ｾ縲∵�ｪ蠑丈ｼ夂､ｾ繧､繝医�繝ｨ繝ｼ繧ｫ蝣�,鬧占ｻ雁床謨ｰ�托ｼ包ｼ包ｼ仙床,謇狗ｶ壼ｮ御ｺ�,https://www.kankyo.metro.tokyo.lg.jp/assessment/information/projects_list/246dtl.html
鬧占ｻ雁�ｴ�郁�蜍戊ｻ企ｧ占ｻ雁�ｴ縺ｮ險ｭ鄂ｮ��,248,�井ｻｮ遘ｰ�芽･ｿ蜿句ｺ應ｸｭ蠎怜ｻｺ遽我ｺ区･ｭ,蠎應ｸｭ蟶ょ屁隹ｷ莠比ｸ∫岼23-12莉�,35.668419,139.438004,JGD2011,譬ｪ蠑丈ｼ夂､ｾ隘ｿ蜿�,鬧占ｻ雁�ｴ蜿ｰ謨ｰ邏�ｼ托ｼ托ｼ包ｼ仙床,謇狗ｶ壼ｮ御ｺ�,https://www.kankyo.metro.tokyo.lg.jp/assessment/information/projects_list/248dtl.html
鬧占ｻ雁�ｴ�郁�蜍戊ｻ企ｧ占ｻ雁�ｴ縺ｮ險ｭ鄂ｮ��,249,繧､繧ｪ繝ｳ譚ｱ荵�蕗邀ｳ繧ｷ繝ｧ繝�ヴ繝ｳ繧ｰ繧ｻ繝ｳ繧ｿ繝ｼ�井ｻｮ遘ｰ�牙ｻｺ遽我ｺ区･ｭ,譚ｱ荵�蕗邀ｳ蟶ょ漉豐｢莠比ｸ∫岼�托ｼ礼分,35.745300,139.525665,JGD2011,繧､繧ｪ繝ｳ繝ｪ繝��繝ｫ譬ｪ蠑丈ｼ夂､ｾ,"謨ｷ蝨ｰ髱｢遨� 邏�52,650緕｡縲�邱丞ｻｶ蠎企擇遨� 邏�81,800緕｡�擾ｼ亥膚讌ｭ譁ｽ險ｭ 邏�62,300緕｡縲�遶倶ｽ馴ｧ占ｻ雁�ｴ譽� 邏�19,500�会ｼ冗ｷ大慍繝ｻ蠎��ｴ繝ｻ豁ｩ驕鍋ｭ蛾擇遨� 邏�14,230緕｡",莠句ｾ瑚ｪｿ譟ｻ,https://www.kankyo.metro.tokyo.lg.jp/assessment/information/projects_list/249dtl.html
鬧占ｻ雁�ｴ�郁�蜍戊ｻ企ｧ占ｻ雁�ｴ縺ｮ險ｭ鄂ｮ��,250,�井ｻｮ遘ｰ�画眠遐ゆｸ我ｸ∫岼蝠�･ｭ譁ｽ險ｭ蟒ｺ險ｭ莠区･ｭ,豎滓擲蛹ｺ譁ｰ遐ゆｸ我ｸ∫岼�皮分,35.664612,139.835602,JGD2011,鮖ｿ蟲ｶ蟒ｺ險ｭ譬ｪ蠑丈ｼ夂､ｾ縲∽ｸ芽廠蝨ｰ謇�譬ｪ蠑丈ｼ夂､ｾ,鬧占ｻ雁�ｴ蜿ｰ謨ｰ�托ｼ厄ｼ撰ｼ仙床,謇狗ｶ壼ｮ御ｺ�,https://www.kankyo.metro.tokyo.lg.jp/assessment/information/projects_list/250dtl.html
鬧占ｻ雁�ｴ�郁�蜍戊ｻ企ｧ占ｻ雁�ｴ縺ｮ險ｭ鄂ｮ��,266,�井ｻｮ遘ｰ�芽�豬ｷ蜑ｯ驛ｽ蠢�搨豬ｷ蝨ｰ蛹ｺ蛹怜��ｱ陦怜玄髢狗匱莠区･ｭ,譚ｱ莠ｬ驛ｽ豎滓擲蛹ｺ髱呈ｵｷ荳�荳∫岼1逡ｪ1縲�2縲�3縲�4縲�5縲�11蜿翫�14,35.623260,139.773773,JGD2011,荳我ｺ穂ｸ榊虚逕｣譬ｪ蠑丈ｼ夂､ｾ,"謨ｷ蝨ｰ髱｢遨阪��邏�33,000緕｡�丞ｻｶ蠎企擇遨阪��邏�206,330緕｡�城ｧ占ｻ雁�ｴ蜿ｰ謨ｰ縲�邏�1,400蜿ｰ",謇狗ｶ壼ｮ御ｺ�,https://www.kankyo.metro.tokyo.lg.jp/assessment/information/projects_list/266dtl.html
鬧占ｻ雁�ｴ�郁�蜍戊ｻ企ｧ占ｻ雁�ｴ縺ｮ險ｭ鄂ｮ��,294,�井ｻｮ遘ｰ�会ｼｩ�ｫ�･�｡遶句ｷ晏ｻｺ險ｭ莠区･ｭ,譚ｱ莠ｬ驛ｽ遶句ｷ晏ｸらｷ醍伴�也分,35.707085,139.411972,JGD2011,繧､繧ｱ繧｢繝ｻ繧ｸ繝｣繝代Φ譬ｪ蠑丈ｼ夂､ｾ,"謨ｷ蝨ｰ髱｢遨搾ｼ夂ｴ�26,000緕｡�丞ｻｺ遽蛾擇遨搾ｼ夂ｴ�20,000緕｡�丞ｻｶ蠎企擇遨搾ｼ夂ｴ�85,000緕｡",謇狗ｶ壼ｮ御ｺ�,https://www.kankyo.metro.tokyo.lg.jp/assessment/information/projects_list/294dtl.html
鬧占ｻ雁�ｴ�郁�蜍戊ｻ企ｧ占ｻ雁�ｴ縺ｮ險ｭ鄂ｮ��,304,�井ｻｮ遘ｰ�臥ｫ句ｷ晉ｫ矩｣帛膚讌ｭ譁ｽ險ｭ險育判,遶句ｷ晏ｸよｳ臥伴�呻ｼ難ｼ慕分蝨ｰ�台ｻ�,35.714058,139.411499,JGD2011,譬ｪ蠑丈ｼ夂､ｾ遶矩｣帙�繝ｼ繝ｫ繝�ぅ繝ｳ繧ｰ繧ｹ,"謨ｷ蝨ｰ髱｢遨咲ｴ�94,000緕｡�丞ｻｺ遽蛾擇遨咲ｴ�61,000緕｡�丞ｻｶ蠎企擇遨咲ｴ�186,000?",謇狗ｶ壼ｮ御ｺ�,https://www.kankyo.metro.tokyo.lg.jp/assessment/information/projects_list/304dtl.html
鬧占ｻ雁�ｴ�郁�蜍戊ｻ企ｧ占ｻ雁�ｴ縺ｮ險ｭ鄂ｮ��,308,�井ｻｮ遘ｰ�牙�邇句ｭ舌う繝ｳ繧ｿ繝ｼ蛹暦ｼｳ�｣蟒ｺ險ｭ莠区･ｭ,蜈ｫ邇句ｭ仙ｸょｷｦ蜈･逕ｺ蜿翫�貊晏ｱｱ荳�荳∫岼縺ｮ荳�驛ｨ,35.683014,139.344772,JGD2011,繧､繧ｪ繝ｳ繝｢繝ｼ繝ｫ譬ｪ蠑丈ｼ夂､ｾ,"謨ｷ蝨ｰ髱｢遨搾ｼ夂ｴ�94,300緕｡��ﾓｺ �髱｢遨搾ｼ夂ｴ�49,000緕｡�丞ｻｶ蠎企擇遨搾ｼ�169,300緕｡",隧穂ｾ｡譖ｸ譯医↓菫ゅｋ隕玖ｧ｣譖ｸ,https://www.kankyo.metro.tokyo.lg.jp/assessment/information/projects_list/308dtl.html
鬧占ｻ雁�ｴ�郁�蜍戊ｻ企ｧ占ｻ雁�ｴ縺ｮ險ｭ鄂ｮ��,319,�井ｻｮ遘ｰ�牙�邇句ｭ宣ｫ伜ｰｾ蝠�･ｭ譁ｽ險ｭ險育判,蜈ｫ邇句ｭ仙ｸよ擲豬�ｷ晉伴550-1螟�,35.643543,139.289185,JGD2011,螟ｧ蜥後ワ繧ｦ繧ｹ蟾･讌ｭ譬ｪ蠑丈ｼ夂､ｾ,"鬧占ｻ雁�ｴ�夂ｴ�2,000蜿ｰ",謇狗ｶ壼ｮ御ｺ�,https://www.kankyo.metro.tokyo.lg.jp/assessment/information/projects_list/319dtl.html
鬧占ｻ雁�ｴ�郁�蜍戊ｻ企ｧ占ｻ雁�ｴ縺ｮ險ｭ鄂ｮ��,322,�井ｻｮ遘ｰ�峨う繧ｪ繝ｳ繧ｿ繧ｦ繝ｳ鄒ｽ譚大ｻｺ險ｭ莠区･ｭ�郁ｨ茨ｼ�,譚ｱ莠ｬ驛ｽ鄒ｽ譚大ｸら･樊�蜿ｰ莠御ｸ∫岼1逡ｪ1蜿ｷ縲∽ｺ御ｸ∫岼6逡ｪ13蜿ｷ,35.757679,139.321960,JGD2011,繧､繧ｪ繝ｳ繧ｿ繧ｦ繝ｳ譬ｪ蠑丈ｼ夂､ｾ,"謨ｷ蝨ｰ髱｢遨搾ｼ夂ｴ�58,000緕｡�丞ｻｺ遽蛾擇遨搾ｼ夂ｴ�33,000緕｡�丞ｻｶ蠎企擇遨搾ｼ夂ｴ�119,000緕｡",隧穂ｾ｡譖ｸ譯医↓菫ゅｋ隕玖ｧ｣譖ｸ,https://www.kankyo.metro.tokyo.lg.jp/assessment/information/projects_list/322dtl.html
鬧占ｻ雁�ｴ�郁�蜍戊ｻ企ｧ占ｻ雁�ｴ縺ｮ險ｭ鄂ｮ��,331,�井ｻｮ遘ｰ�牙ｺ應ｸｭ譛晄律逕ｺ�ｳ�｣險育判,蠎應ｸｭ蟶よ悃譌･逕ｺ荳我ｸ∫岼8逡ｪ1蜿ｷ莉�,35.671776,139.522400,JGD2011,譬ｪ蠑丈ｼ夂､ｾ繧､繝医�繝ｨ繝ｼ繧ｫ繝峨�,"鬧占ｻ雁床謨ｰ�夂ｴ�1,822蜿ｰ",隱ｿ譟ｻ險育判譖ｸ,https://www.kankyo.metro.tokyo.lg.jp/assessment/information/projects_list/331dtl.html
鬧占ｻ雁�ｴ�郁�蜍戊ｻ企ｧ占ｻ雁�ｴ縺ｮ險ｭ鄂ｮ��,333,(莉ｮ遘ｰ�芽茅豬ｦ荳�荳∫岼蟒ｺ譖ｿ險育判,貂ｯ蛹ｺ闃晄ｵｦ荳�荳∫岼�醍分�大捷縲�莉�,35.651527,139.757477,JGD2011,驥取搗荳榊虚逕｣繝薙Ν繝�ぅ繝ｳ繧ｰ譬ｪ蠑丈ｼ夂､ｾ縲�㍽譚台ｸ榊虚逕｣譬ｪ蠑丈ｼ夂､ｾ縲∵擲譌･譛ｬ譌�ｮ｢驩�％譬ｪ蠑丈ｼ夂､ｾ,"蟒ｶ蠎企擇遨搾ｼ夂ｴ�580,000緕｡�乗怙鬮倬ｫ倥＆�壺�譛溘��邏�235�阪�竇｡譛溘��邏�235�搾ｼ城ｧ占ｻ雁�ｴ蜿ｰ謨ｰ�夂ｴ�1,300蜿ｰ",莠句ｾ瑚ｪｿ譟ｻ,https://www.kankyo.metro.tokyo.lg.jp/assessment/information/projects_list/333dtl.html
鬧占ｻ雁�ｴ�郁�蜍戊ｻ企ｧ占ｻ雁�ｴ縺ｮ險ｭ鄂ｮ��,348,�井ｻｮ遘ｰ�牙刀蟾晞ｧ�圏蜻ｨ霎ｺ蝨ｰ蛹ｺ1陦怜玄縲�2陦怜玄縲�3陦怜玄縲�4陦怜玄髢狗匱莠区･ｭ,貂ｯ蛹ｺ闃晄ｵｦ蝗帑ｸ∫岼縲∵ｸｯ蜊嶺ｺ御ｸ∫岼縲�ｫ倩ｼｪ莠御ｸ∫岼縺ｮ蜷�ｸ�驛ｨ,35.639748,139.747116,JGD2011,譚ｱ譌･譛ｬ譌�ｮ｢驩�％譬ｪ蠑丈ｼ夂､ｾ,"謨ｷ蝨ｰ髱｢遨搾ｼ夂ｴ�6.89ha�丞ｻｶ蠎企擇遨搾ｼ夂ｴ�855,000緕｡�乗怙鬮倬ｫ倥＆�夂ｴ�175m",莠句ｾ瑚ｪｿ譟ｻ,https://www.kankyo.metro.tokyo.lg.jp/assessment/information/projects_list/348dtl.html
鬧占ｻ雁�ｴ�郁�蜍戊ｻ企ｧ占ｻ雁�ｴ縺ｮ螟画峩��,329,�井ｻｮ遘ｰ�牙漉逕ｺ逕ｰ險育判,逕ｺ逕ｰ蟶るｶｴ髢謎ｸ我ｸ∫岼,35.509140,139.470779,JGD2011,譚ｱ諤･譬ｪ蠑丈ｼ夂､ｾ,"閾ｪ蜍戊ｻ企ｧ占ｻ雁�ｴ縺ｮ蠅苓ｨｭ�夂ｴ�1,349蜿ｰ竊堤ｴ�2,540蜿ｰ�乗聞蝨ｰ髱｢遨搾ｼ夂ｴ�91,350緕｡縲∝ｻｶ蠎企擇遨搾ｼ夂ｴ�182,000緕｡",莠句ｾ瑚ｪｿ譟ｻ,https://www.kankyo.metro.tokyo.lg.jp/assessment/information/projects_list/329dtl.html
鬧占ｻ雁�ｴ�郁�蜍戊ｻ企ｧ占ｻ雁�ｴ縺ｮ螟画峩��,332,(莉ｮ遘ｰ�峨う繧ｪ繝ｳ繝｢繝ｼ繝ｫ繧�縺輔＠譚大ｱｱ險育判,豁ｦ阡ｵ譚大ｱｱ蟶よｦ惹ｸ�荳∫岼蜿翫�遶句ｷ晏ｸゆｸ顔�ら伴蜈ｭ荳∫岼,35.740891,139.388016,JGD2011,繧､繧ｪ繝ｳ繝｢繝ｼ繝ｫ譬ｪ蠑丈ｼ夂､ｾ,鬧占ｻ雁�ｴ蜿ｰ謨ｰ�夂ｴ�6850蜿ｰ�亥�蠅怜�邏�300蜿ｰ�狗ｴ�2900蜿ｰ��,隱ｿ譟ｻ險育判譖ｸ,https://www.kankyo.metro.tokyo.lg.jp/assessment/information/projects_list/332dtl.html
蜊ｸ螢ｲ蟶ょ�ｴ�亥査螢ｲ蟶ょ�ｴ縺ｮ險ｭ鄂ｮ��,16,譚ｱ莠ｬ驛ｽ荳ｭ螟ｮ蜊ｸ螢ｲ蟶ょ�ｴ螟ｧ逕ｰ蟶ょ�ｴ蟒ｺ險ｭ莠区･ｭ縲��域立遘ｰ�壽擲莠ｬ驛ｽ荳ｭ螟ｮ蜊ｸ螢ｲ蟶ょ�ｴ螟ｧ莠募ｸょ�ｴ�井ｻｮ遘ｰ�牙ｻｺ險ｭ莠区･ｭ��,螟ｧ逕ｰ蛹ｺ螟ｧ莠募泛鬆ｭ縺昴��代�荳�驛ｨ,35.582951,139.759109,JGD2011,譚ｱ莠ｬ驛ｽ�井ｸｭ螟ｮ蜊ｸ螢ｲ蟶ょ�ｴ��,謨ｷ蝨ｰ髱｢遨� 38.6ha�丞ｻｺ遽蛾擇遨� 13.3ha,謇狗ｶ壼ｮ御ｺ�,https://www.kankyo.metro.tokyo.lg.jp/assessment/information/projects_list/16dtl.html
蜊ｸ螢ｲ蟶ょ�ｴ�亥査螢ｲ蟶ょ�ｴ縺ｮ險ｭ鄂ｮ��,80,譚ｱ莠ｬ驛ｽ荳ｭ螟ｮ蜊ｸ螢ｲ蟶ょ�ｴ遽牙慍蟶ょ�ｴ蜀肴紛蛯吩ｺ区･ｭ��(蟷ｳ謌�14蟷ｴ4譛�16譌･蟒�ｭ｢螻奇ｼ�,荳ｭ螟ｮ蛹ｺ遽牙慍�穂ｸ∫岼�堤分�大捷縺ｻ縺�,35.663300,139.768188,JGD2011,譚ｱ莠ｬ驛ｽ�井ｸｭ螟ｮ蜊ｸ螢ｲ蟶ょ�ｴ��,"謨ｷ蝨ｰ髱｢遨� 邏�227,700緕｡�城ｧ占ｻ雁床謨ｰ 7640蜿ｰ�城ｫ倥＆ 119m",謇狗ｶ壼ｮ御ｺ�,https://www.kankyo.metro.tokyo.lg.jp/assessment/information/projects_list/80dtl.html
蜊ｸ螢ｲ蟶ょ�ｴ�亥査螢ｲ蟶ょ�ｴ縺ｮ險ｭ鄂ｮ��,242,雎頑ｴｲ譁ｰ蟶ょ�ｴ蟒ｺ險ｭ莠区･ｭ縲��域立遘ｰ�夊ｱ頑ｴｲ譁ｰ蟶ょ�ｴ蟒ｺ險ｭ險育判�峨��,豎滓擲蛹ｺ雎頑ｴｲ蜈ｭ荳∫岼蝨ｰ蜀�,35.646683,139.786087,JGD2011,譚ｱ莠ｬ驛ｽ�井ｸｭ螟ｮ蜊ｸ螢ｲ蟶ょ�ｴ��,"謨ｷ蝨ｰ髱｢遨阪��邏�407,000緕｡�城ｧ占ｻ雁床謨ｰ縲�邏�6,600蜿ｰ",莠句ｾ瑚ｪｿ譟ｻ,https://www.kankyo.metro.tokyo.lg.jp/assessment/information/projects_list/242dtl.html
蝨溷慍蛹ｺ逕ｻ謨ｴ逅�ｺ区･ｭ,15,雎顔伐蜊怜悄蝨ｰ蛹ｺ逕ｻ謨ｴ逅�ｺ区･ｭ,譌･驥主ｸりｱ顔伐�代��ｼ偵��ｼ薙��ｼ比ｸ∫岼縲∵擲雎顔伐�代��ｼ剃ｸ∫岼縲∵擲蟷ｳ螻ｱ�代��ｼ剃ｸ∫岼,35.656773,139.388916,JGD2011,譌･驥主ｸ�,莠区･ｭ蛹ｺ蝓� 88ha�丞ｮ�慍 58.5ha,莠句ｾ瑚ｪｿ譟ｻ,https://www.kankyo.metro.tokyo.lg.jp/assessment/information/projects_list/15dtl.html
蝨溷慍蛹ｺ逕ｻ謨ｴ逅�ｺ区･ｭ,17,蜈ｫ邇句ｭ舌ル繝･繝ｼ繧ｿ繧ｦ繝ｳ謨ｴ蛯吩ｺ区･ｭ,蜈ｫ邇句ｭ仙ｸょｮ�ｴ･雋ｫ逕ｺ縲∫援蛟臥伴縲∝ｰ乗ｯ比ｼ∫伴縲∝､ｧ闊ｹ逕ｺ縺ｮ蝨ｰ蝓�,35.617580,139.335312,JGD2011,迢ｬ遶玖｡梧帆豕穂ｺｺ驛ｽ蟶ょ�逕滓ｩ滓ｧ�,莠区･ｭ蛹ｺ蝓� 392.5ha�丈ｽ丞ｮ�慍 150ha�城％霍ｯ�碑ｻ顔ｷ� 蟒ｶ髟ｷ2.8km,謇狗ｶ壼ｮ御ｺ�,https://www.kankyo.metro.tokyo.lg.jp/assessment/information/projects_list/17dtl.html
蝨溷慍蛹ｺ逕ｻ謨ｴ逅�ｺ区･ｭ,19,鮓ｴ蟾晉ｬｬ莠悟悄蝨ｰ蛹ｺ逕ｻ謨ｴ逅�ｺ区･ｭ,逕ｺ逕ｰ蟶ら悄蜈牙ｯｺ逕ｺ蟄暦ｼ募捷�難ｼ費ｼ撰ｼ搾ｼ大所縺ｳ蠎�｢ｴ逕ｺ蟄暦ｼ大捷�厄ｼ抵ｼ搾ｼ貞､�,35.602661,139.458160,JGD2011,菴丞ｮ��驛ｽ蟶よ紛蛯吝�蝗｣,莠区･ｭ蛹ｺ蝓� 64.3ha,謇狗ｶ壼ｮ御ｺ�,https://www.kankyo.metro.tokyo.lg.jp/assessment/information/projects_list/19dtl.html
蝨溷慍蛹ｺ逕ｻ謨ｴ逅�ｺ区･ｭ,40,逶ｸ蜴溘�蟆丞ｱｱ蝨溷慍蛹ｺ逕ｻ謨ｴ逅�ｺ区･ｭ,逕ｺ逕ｰ蟶ょｰ丞ｱｱ逕ｺ縲∫嶌蜴溽伴縲∽ｸ雁ｰ丞ｱｱ逕ｰ逕ｺ縲�蒼豌ｴ,35.595654,139.377045,JGD2011,譚ｱ莠ｬ驛ｽ�亥漉螟壽束譁ｰ驛ｽ蟶る幕逋ｺ譛ｬ驛ｨ��,蛹ｺ蝓滄擇遨� 174.2ha,謇狗ｶ壼ｮ御ｺ�,https://www.kankyo.metro.tokyo.lg.jp/assessment/information/projects_list/40dtl.html
蝨溷慍蛹ｺ逕ｻ謨ｴ逅�ｺ区･ｭ,62,譌･驥主ｸり･ｿ蟷ｳ螻ｱ蝨溷慍蛹ｺ逕ｻ謨ｴ逅�ｺ区･ｭ,譌･驥主ｸよ擲蟷ｳ螻ｱ�托ｽ橸ｼ謎ｸ∫岼縲∬･ｿ蟷ｳ螻ｱ�托ｽ橸ｼ穂ｸ∫岼縺ｮ蜷�ｸ�驛ｨ,35.649387,139.378387,JGD2011,譌･驥主ｸ�,"蛹ｺ蝓滄擇遨� 邏�91.4ha�剰ｨ育判莠ｺ蜿｣ 8,300莠ｺ",莠句ｾ瑚ｪｿ譟ｻ,https://www.kankyo.metro.tokyo.lg.jp/assessment/information/projects_list/62dtl.html
蝨溷慍蛹ｺ逕ｻ謨ｴ逅�ｺ区･ｭ,68,譌･驥主ｸゆｸ�｡伜ｯｺ隨ｬ莠悟悄蝨ｰ蛹ｺ逕ｻ謨ｴ逅�ｺ区･ｭ,譌･驥主ｸょ､ｧ蟄玲律驥弱�∵律驥取悽逕ｺ�台ｸ∫岼縲�ｼ嶺ｸ∫岼縺ｮ蜷�ｸ�驛ｨ,35.677208,139.409698,JGD2011,譌･驥主ｸ�,"莠区･ｭ髱｢遨� 46.4ha�剰ｨ育判莠ｺ蜿｣ 4,650莠ｺ",莠句ｾ瑚ｪｿ譟ｻ,https://www.kankyo.metro.tokyo.lg.jp/assessment/information/projects_list/68dtl.html
蝨溷慍蛹ｺ逕ｻ謨ｴ逅�ｺ区･ｭ,103,蜈ｫ邇句ｭ仙ｷ晏哨蝨溷慍蛹ｺ逕ｻ謨ｴ逅�ｺ区･ｭ縲�笘�ｻ�ｭ｢螻�15.9.18,蜈ｫ邇句ｭ仙ｸり･ｿ蟇ｺ譁ｹ逕ｺ縲∝ｷ晏哨逕ｺ縲∽ｸ雁ｷ晉伴縲∫ｾ主ｱｱ逕ｺ縺ｮ蜷�ｸ�驛ｨ,35.680161,139.272888,JGD2011,譚ｱ莠ｬ驛ｽ�磯�蟶りｨ育判螻���,莠区･ｭ蛹ｺ蝓� 169.5ha,謇狗ｶ壼ｮ御ｺ�,https://www.kankyo.metro.tokyo.lg.jp/assessment/information/projects_list/103dtl.html
蝨溷慍蛹ｺ逕ｻ謨ｴ逅�ｺ区･ｭ,106,螳�ｴ･譛ｨ蝨溷慍蛹ｺ逕ｻ謨ｴ逅�ｺ区･ｭ,蜈ｫ邇句ｭ仙ｸょｮ�ｴ･譛ｨ縲∝､ｧ隹ｷ縲∝ｰｾ蟠弱�∝ｷｦ蜈･縺ｮ蜷�伴縺ｮ荳�驛ｨ,35.681721,139.352615,JGD2011,蜈ｫ邇句ｭ仙ｸ�,莠区･ｭ蛹ｺ蝓� 54.3ha,莠句ｾ瑚ｪｿ譟ｻ,https://www.kankyo.metro.tokyo.lg.jp/assessment/information/projects_list/106dtl.html
蝨溷慍蛹ｺ逕ｻ謨ｴ逅�ｺ区･ｭ,134,遶句ｷ晞�蟶りｨ育判莠区･ｭ遶句ｷ晏渕蝨ｰ霍｡蝨ｰ髢｢騾｣蝨ｰ蛹ｺ蝨溷慍蛹ｺ逕ｻ謨ｴ逅�ｺ区･ｭ�域立遘ｰ縲�遶句ｷ晏渕蝨ｰ霍｡蝨ｰ髢｢騾｣蝨ｰ蛹ｺ蝨溷慍蛹ｺ逕ｻ謨ｴ逅�ｺ区･ｭ��,遶句ｷ晏ｸらｷ醍伴縲∵ｳ臥伴縲�ｫ俶收�代��ｼ謎ｸ∫岼縺ｮ蜷�ｸ�驛ｨ,35.707447,139.404404,JGD2011,迢ｬ遶玖｡梧帆豕穂ｺｺ驛ｽ蟶ょ�逕滓ｩ滓ｧ�,髱｢遨� 邏�58.9ha,謇狗ｶ壼ｮ御ｺ�,https://www.kankyo.metro.tokyo.lg.jp/assessment/information/projects_list/134dtl.html
蝨溷慍蛹ｺ逕ｻ謨ｴ逅�ｺ区･ｭ,143,閭ｽ繧ｱ隹ｷ譚ｱ驛ｨ蝨溷慍蛹ｺ逕ｻ謨ｴ逅�ｺ区･ｭ,逕ｺ逕ｰ蟶り�繝ｶ隹ｷ逕ｺ蟄暦ｼ泌捷�包ｼ費ｼ假ｼ搾ｼ門､�,35.592384,139.480667,JGD2011,閭ｽ繝ｶ隹ｷ譚ｱ驛ｨ蝨溷慍蛹ｺ逕ｻ謨ｴ逅�ｵ�粋險ｭ遶区ｺ門ｙ莨�,"譁ｽ陦碁擇遨� 邏�25.2ha�剰ｨ育判莠ｺ蜿｣ 邏�2,510莠ｺ",謇狗ｶ壼ｮ御ｺ�,https://www.kankyo.metro.tokyo.lg.jp/assessment/information/projects_list/143dtl.html
蝨溷慍蛹ｺ逕ｻ謨ｴ逅�ｺ区･ｭ,152,蝮よｵ懷ｹｳ蟆ｾ蝨溷慍蛹ｺ逕ｻ謨ｴ逅�ｺ区･ｭ縲�窶ｻH21.0716 蟒�ｭ｢螻頑署蜃ｺ,遞ｲ蝓主ｸょ､ｧ蟄怜揩豬懷ｭ暦ｼ門捷縲∝､ｧ蟄怜ｹｳ蟆ｾ蟄暦ｼ托ｼ仙捷,35.629196,139.495300,JGD2011,譚ｱ莠ｬ驛ｽ�亥､壽束驛ｽ蟶よ紛蛯呎悽驛ｨ��,"譁ｽ陦碁擇遨� 211.9ha�剰ｨ育判莠ｺ蜿｣ 邏�14,000莠ｺ",謇狗ｶ壼ｮ御ｺ�,https://www.kankyo.metro.tokyo.lg.jp/assessment/information/projects_list/152dtl.html
蝨溷慍蛹ｺ逕ｻ謨ｴ逅�ｺ区･ｭ,153,遖冗函驛ｽ蟶りｨ育判莠区･ｭ鄒ｽ譚鷹ｧ�･ｿ蜿｣蝨溷慍蛹ｺ逕ｻ謨ｴ逅�ｺ区･ｭ�域立遘ｰ�夂ｾｽ譚鷹ｧ�･ｿ蜿｣蝨溷慍蛹ｺ逕ｻ謨ｴ逅�ｺ区･ｭ��,鄒ｽ譚大ｸらｾｽ譚ｱ�代��ｼ偵��ｼ謎ｸ∫岼縲�蟾晏ｴ趣ｼ代��ｼ比ｸ∫岼縲�鄒ｽ荳ｭ�代��ｼ剃ｸ∫岼縺ｮ蜷�ｸ�驛ｨ,35.759541,139.313400,JGD2011,鄒ｽ譚大ｸ�,"譁ｽ陦碁擇遨� 邏�43.0ha�剰ｨ育判莠ｺ蜿｣ 邏�4,500莠ｺ",莠句ｾ瑚ｪｿ譟ｻ,https://www.kankyo.metro.tokyo.lg.jp/assessment/information/projects_list/153dtl.html
蝨溷慍蛹ｺ逕ｻ謨ｴ逅�ｺ区･ｭ,158,荳ｭ驥手･ｿ蝨溷慍蛹ｺ逕ｻ謨ｴ逅�ｺ区･ｭ,蜈ｫ邇句ｭ仙ｸゆｸｭ驥惹ｸ顔伴�代��ｼ偵��ｼ薙��ｼ比ｸ∫岼縲�螻ｱ邇具ｼ台ｸ∫岼縲�證�ｼ台ｸ∫岼縺ｮ蜷�ｸ�驛ｨ,35.667664,139.327637,JGD2011,蜈ｫ邇句ｭ仙ｸ�,"髱｢遨� 邏�54.7ha�剰ｨ育判莠ｺ蜿｣ 邏�5,500莠ｺ",莠句ｾ瑚ｪｿ譟ｻ,https://www.kankyo.metro.tokyo.lg.jp/assessment/information/projects_list/158dtl.html
蝨溷慍蛹ｺ逕ｻ謨ｴ酲ｾ:ﾑ� �,164,譚ｱ莠ｬ驛ｽ蟶りｨ育判莠区･ｭ蜈ｭ逕ｺ蝗帑ｸ∫岼莉倩ｿ大悄蝨ｰ蛹ｺ逕ｻ謨ｴ逅�ｺ区･ｭ,雜ｳ遶句玄蜈ｭ逕ｺ縺ｻ縺�,35.785656,139.822968,JGD2011,譚ｱ莠ｬ驛ｽ�磯�蟶よ紛蛯吝ｱ���,"譁ｽ陦碁擇遨� 邏�69.0ha�剰ｨ育判莠ｺ蜿｣ 邏�8,300莠ｺ",莠句ｾ瑚ｪｿ譟ｻ,https://www.kankyo.metro.tokyo.lg.jp/assessment/information/projects_list/164dtl.html
蝨溷慍蛹ｺ逕ｻ謨ｴ逅�ｺ区･ｭ,213,蜊怜ｱｱ譚ｱ驛ｨ蝨溷慍蛹ｺ逕ｻ謨ｴ逅�ｺ区･ｭ,遞ｲ蝓主ｸら