月,航空旅客機／新中央航空（株）／降客（人）,航空旅客機／新中央航空（株）／乗客（人）,航空旅客機／新中央航空（株）／計（人）,航空旅客機／東邦航空（株）／降客（人）,航空旅客機／東邦航空（株）／乗客（人）,航空旅客機／東邦航空（株）／計（人）,航空旅客機／その他／降客（人）,航空旅客機／その他／乗客（人）,航空旅客機／その他／計（人）,航空旅客機／合計（人）,航空貨物取扱数量（kg）／卸,航空貨物取扱数量（kg）／積
4,643,741,1384,193,130,323,136,140,276,1983,1129,221
5,665,803,1468,193,130,323,174,174,348,2139,1184,181
6,470,595,1065,167,95,262,115,115,230,1557,1095,151
7,749,795,1544,154,84,238,177,177,354,2136,1211,250
8,1131,1208,2339,182,122,304,91,88,179,2822,1172,104
9,683,853,1536,173,111,284,72,72,144,1964,1053,104
10,671,791,1462,271,181,452,136,136,272,2186,1098,216
11,696,727,1423,236,152,388,156,156,312,2123,1142,217
12,840,911,1751,311,187,498,161,165,326,2575,1169,254
1,708,894,1602,283,257,540,122,121,243,2385,1064,206
2,715,812,1527,278,168,446,141,141,282,2255,972,176
3,892,1042,1934,281,205,486,148,149,297,2717,1211,220
計,8863,10172,19035,2722,1822,4544,1629,1634,3263,26842,13500,2300
計,8863,10172-
4,13106,蜿ｰ譚ｱ蛹ｺ,-,-,-,-,-,-,-,-,-,-,-,-,-,-,-,-,-,-
4,13107,蠅ｨ逕ｰ蛹ｺ,-,-,-,-,-,-,-,-,-,-,-,-,-,-,-,-,-,-
4,13108,豎滓擲蛹ｺ,-,-,-,-,-,-,-,-,-,-,-,-,-,-,-,-,-,-
4,13109,蜩∝ｷ晏玄,-,-,-,-,-,-,-,-,-,-,-,-,-,-,-,-,-,-
4,13110,逶ｮ鮟貞玄,78.4,77,87,49.3,57.7,24,64.4,66.3,62.8,72.7,72.9,72.6,70.9,72.9,68.2,67.5,71.8,62.2
4,13111,螟ｧ逕ｰ蛹ｺ,67.9,67.9,-,47.3,49.7,40,60,58.7,61.1,64.4,65.1,63.7,65.8,65.1,66.7,64.1,65.1,62.3
4,13112,荳也伐隹ｷ蛹ｺ,68.8,68.3,72.2,38.9,38.6,42.1,58.3,56.6,60.2,62.2,60.1,65,62.8,60.9,66.3,62.4,60.5,66.3
4,13113,貂玖ｰｷ蛹ｺ,-,-,-,-,-,-,-,-,-,-,-,-,-,-,-,-,-,-
4,13114,荳ｭ驥主玄,�ｸ,�ｸ,�ｸ,�ｸ,�ｸ,�ｸ,�ｸ,�ｸ,�ｸ,�ｸ,�ｸ,�ｸ,�ｸ,�ｸ,�ｸ,�ｸ,�ｸ,�ｸ
4,13115,譚我ｸｦ蛹ｺ,71.1,70.5,75.4,42,39.7,48.8,60.2,59,61.6,63.4,61.9,65.6,64.3,62.5,67.9,61.7,60.9,63.6
4,13116,雎雁ｳｶ蛹ｺ,-,-,-,-,-,-,-,-,-,-,-,-,-,-,-,-,-,-
4,13117,蛹怜玄,-,-,-,-,-,-,-,-,-,-,-,-,-,-,-,-,-,-
4,13118,闕貞ｷ晏玄,-,-,-,-,-,-,-,-,-,-,-,-,-,-,-,-,-,-
4,13119,譚ｿ讖句玄,69.6,68.1,88.5,40.5,40.5,-,60.8,60.8,60.7,62.9,64.5,61,64.9,64.5,65.4,62.4,61.7,63.9
4,13120,邱ｴ鬥ｬ蛹ｺ,70.6,69.7,80,43,42.9,43.9,60.3,58.3,62.8,63.5,61.8,65.7,64.3,62.2,67.6,63.8,61.6,67.2
4,13121,雜ｳ遶句玄,69.4,69.1,72.4,42.8,43.2,41.4,59.1,58.7,59.6,64.1,63.6,64.7,64.1,63.6,64.8,64.2,63.1,65.8
4,13122,闡幃｣ｾ蛹ｺ,68.4,68.3,69.8,39.2,38.3,48.3,60.7,58.6,63,63.8,61.6,66.7,64.2,62,67.1,62.4,60.2,65.4
4,13123,豎滓虻蟾晏玄,69.3,69.3,70.3,42.5,41.5,53,59.9,60.1,59.7,61.6,61.5,61.7,61.8,61.3,62.5,61.1,59.7,63.2
1,13200,蟶るΚ,69.5,68.9,76.9,41.7,41.4,43.7,60.5,59.3,61.9,63.6,62.6,64.8,64.4,62.9,66.8,63,61.9,65.2
4,13201,蜈ｫ邇句ｭ仙ｸ�,69.4,69,76.2,42.6,43.2,39.5,62.1,61.9,62.4,66.2,66.1,66.4,66.5,66,67.5,65.1,65.1,65
4,13202,遶句ｷ晏ｸ�,67,66.1,75.8,38.5,38.3,40.5,56.8,55.4,58.5,59.3,58.3,60.5,60.4,59.3,62.3,59.5,57.9,62.7
4,13203,豁ｦ阡ｵ驥主ｸ�,68.4,68.3,71,40.3,39.9,44,58.4,56.4,60.5,62.1,59.2,66.5,63.2,59.6,69.7,61.3,58.5,68.5
4,13204,荳蛾ｷｹ蟶�,68.1,67.5,75.1,40.2,40.2,40.1,57.5,56.4,58.8,61.5,59.5,64.1,61.8,59.5,65.6,60.7,58.7,64.4
4,13205,髱呈｢�ｸ�,70.6,70.4,73.3,42.4,42.2,43.7,63.3,62.3,64.6,68.8,68.2,69.6,69.1,68.4,70.5,67.1,66.6,68.3
4,13206,蠎應ｸｭ蟶�,70.4,69.8,75.8,44.5,42.7,51.9,58.8,58.1,59.5,62.3,61.7,62.9,63.4,62.4,64.8,61.7,61,63.2
4,13207,譏ｭ蟲ｶ蟶�,70.3,69.5,80.2,42,41.1,51.5,61.1,59.2,63.8,65,63.3,68,64.7,63.3,67.8,64.2,63.2,66.7
4,13208,隱ｿ蟶�ｸ�,68.9,68.5,79.2,38.3,36.7,51,59.5,57.7,61.9,61.4,60.1,63.2,62.9,61,66.9,62,60.3,65.2
4,13209,逕ｺ逕ｰ蟶�,70.9,70.3,77.1,45.4,44.6,50.3,62,61,63.2,66.5,65.9,67.2,67.8,66.4,69.8,66.7,65.5,68.9
4,13210,蟆城≡莠募ｸ�,71.2,69.5,81.7,40.8,40.4,43.6,60.7,59.7,61.8,64.4,62.9,66.6,65.4,62.9,70.3,62.4,60.4,67.5
4,13211,蟆丞ｹｳ蟶�,70.9,69.8,78.9,40.2,40.5,38.6,61.6,59.7,64.2,63.7,62,65.9,64.9,62.9,68,63,61.4,66.3
4,13212,譌･驥主ｸ�,70.5,69.4,79.6,42,41.8,43.5,61.7,61.2,62.3,65.7,65.4,66.2,66.5,65.7,67.9,64.3,64.7,63.5
4,13213,譚ｱ譚大ｱｱ蟶�,69.5,69.1,73.3,42.9,42.7,44.8,60.2,58.6,62.2,62.8,61.3,64.8,62.9,61.4,65.2,61.2,60.3,62.6
4,13214,蝗ｽ蛻�ｯｺ蟶�,67.8,66.9,77.5,42.2,40.7,59.5,59.6,57.3,62.2,62,60,64.4,62.8,60,67.5,61.2,59.1,66.1
4,13215,蝗ｽ遶句ｸ�,72.5,71,90.8,42.9,42.5,51,60.7,59.4,62.3,62.1,60.5,64.3,63.9,61.4,69.6,63.1,60.9,68.6
4,13218,遖冗函蟶�,71.9,71.9,-,63.7,59.8,83,63.6,63.5,63.8,66.5,66.2,67.1,66.5,66.2,67.4,65,65.3,64
4,13219,迢帶ｱ溷ｸ�,69.8,67.4,82.4,40.5,38.8,53.5,60,56.1,64.8,61.8,58.3,66.3,62.7,58.8,70,61.1,57.8,68.2
4,13220,譚ｱ螟ｧ蜥悟ｸ�,69.4,68.8,73.4,40.1,41.3,25.3,60.1,58.5,62.1,63.9,63.2,64.6,64.6,63.2,66.9,63.6,64.3,62.3
4,13221,貂��ｬ蟶�,65.3,65.1,70.6,36.8,37.4,32.4,57.4,55.9,59.1,58.6,57,60.2,60.1,57.8,63,59,57,61.7
4,13222,譚ｱ荵�蕗邀ｳ蟶�,66.1,65.3,77.6,40.8,41.1,37.4,59.7,58.4,61.2,61.5,60.3,62.8,62.1,60.3,64.5,61.1,59.9,63.1
4,13223,豁ｦ阡ｵ譚大ｱｱ蟶�,71.1,70.4,77.3,45.6,45.1,58.5,62.4,61.4,63.6,65.8,65.3,66.6,66.4,65.1,68.5,65.2,63.9,67.9
4,13224,螟壽束蟶�,71.8,71.8,-,42.3,39.9,66,61,58.1,66.2,66.8,66.1,68,66.6,66.1,67.6,65.8,66.9,63.3
4,13225,遞ｲ蝓主ｸ�,69.5,69.3,72.4,39.9,41.4,31.5,60.2,59,61.6,64.3,63.5,65.3,65.7,64.5,67.5,64.6,63.8,66
4,13227,鄒ｽ譚大ｸ�,71.7,71.2,80.7,38.2,37.1,49,64.5,63,66.5,67.1,66.2,68.5,67.2,66.2,69,66.5,65.5,68.8
4,13228,縺ゅ″繧矩㍽蟶�,72.1,71.6,77.8,44.2,44.1,45.8,64,63.6,64.5,67.6,68.4,66.8,69,69.2,68.6,68.4,68.3,68.5
4,13229,隘ｿ譚ｱ莠ｬ蟶�,71.3,70.5,77.4,45.2,45.1,45.9,61.1,60,62.4,63.5,62.5,64.7,63.8,62.3,66,63.1,61.8,65.4
1,13550,逕ｺ譚鷹Κ,68.2,67.8,71.4,43,43,43.2,65.1,64.5,65.9,67.5,67.5,67.6,67.9,67.4,68.6,67.1,66.6,67.8
2,13300,隘ｿ螟壽束驛｡,67.4,67.3,70.3,43.3,44.2,36.8,62.4,61.4,63.7,66,66.5,65.3,66.6,66.3,67.1,65.6,65.4,66.1
4,13303,迹樒ｩら伴,66.1,65.7,72.7,41.6,43.5,27.8,60.7,59.1,63,64.4,64.2,64.9,64.6,63.9,65.8,63.8,63.2,65.1
4,13305,譌･縺ｮ蜃ｺ逕ｺ,70.6,71,63,46.1,44.7,55,65.8,66.1,65.2,69.8,72.3,66.2,72.7,72.3,73.9,72.2,71.8,73.7
4,13307,讙懷次譚�,70.7,70.7,-,54,54,-,68.1,70.7,65.5,69.1,71,66.7,68.2,71,62.5,64.6,66,62.5
4,13308,螂･螟壽束逕ｺ,60.3,60.3,-,49,49,-,63.4,62.8,64.3,66.6,69,63,66.6,69,63,62.3,61.5,63
2,13350,蟲ｶ驛ｨ,68.6,68.1,71.6,42.6,41.3,49.5,66.5,66.2,66.9,68.2,67.9,68.5,68.4,67.9,69,67.6,67.1,68.4
3,13360,螟ｧ蟲ｶ謾ｯ蠎�,71.4,71.5,71.4,44.2,43,51.5,69,68.9,69,71.7,71.7,71.7,71.8,71.7,72,71.1,71.1,71.1
4,13361,螟ｧ蟲ｶ逕ｺ,73.2,73.4,70.6,45.4,44.3,50,70.9,71.1,70.7,71.3,71,71.8,71.4,71,72.1,71.3,70.9,72.2
4,13362,蛻ｩ蟲ｶ譚�,67,66.7,68.7,42.8,41.3,53,65.7,65.3,66.1,71.9,71.6,72.1,72,71.6,72.4,70,69.6,70.5
4,13363,譁ｰ蟲ｶ譚�,72.8,72.8,-,-,-,-,71.8,72.8,69.7,71.8,72.8,69.7,71.8,72.8,69.7,71.4,72.4,69.7
4,13364,逾樊ｴ･蟲ｶ譚�,73.5,73.5,73.6,50,50,-,68.6,66.1,70.7,73,75.9,71.4,73.2,75.9,71.6,71.8,75,69.9
3,13380,荳牙ｮ�髪蠎�,70,68.4,77.7,-,-,-,68.9,67.4,70.8,73.2,71.7,75.1,73.5,71.7,75.7,72.5,69.9,76.2
4,13381,荳牙ｮ�搗,70.4,68.7,78,-,-,-,70.4,68.6,72.8,73.3,71.9,75.1,73.5,71.9,75.7,72.5,69.9,76.2
4,13382,蠕｡阡ｵ蟲ｶ譚�,68.7,67.4,76.5,-,-,-,64.7,63.5,65.9,72.8,69.5,76,72.8,69.5,76,-,-,-
3,13400,蜈ｫ荳域髪蠎�,68.1,67.7,70.6,42.2,41.1,49.3,65.9,65.8,66.1,66.8,66.8,66.8,67,66.8,67.4,66.4,66.2,66.8
4,13401,蜈ｫ荳育伴,68.2,67.8,70.4,41.4,41.3,43,66,65.9,66.1,66.8,66.9,66.8,67.1,66.8,67.5,66.5,66.2,67
4,13402,髱偵こ蟲ｶ譚�,64.3,61.6,78,47.3,37,52.5,61.7,61.1,63.5,64.5,65,63.5,61.8,65,49,61.8,65,49
3,13420,蟆冗ｬ�蜴滓髪蠎�,57.9,57.7,61,35,24,46,56.2,56.6,55.6,56.7,56.9,56.4,57,56.9,57.2,57.3,57.2,57.5
4,13421,蟆冗ｬ�蜴滓搗,57.9,57.7,61,35,24,46,56.2,56.6,55.6,56.7,56.9,56.4,57,56.9,57.2,57.3,57.2,57.5
,,,,,,,,,,,,,,,,,,,,
2015蟷ｴ霎ｲ譫玲･ｭ繧ｻ繝ｳ繧ｵ繧ｹ,,,,,,,,,,,,,,,,,,,,
隨ｬ39陦ｨ縲�蛹ｺ蟶ら伴譚大挨霎ｲ讌ｭ蠕謎ｺ玖��ｭ峨�蟷ｳ蝮�ｹｴ鮨｢,,,,,,,,,,,,,,,,,,,,
蝨ｰ蝓滄嚴螻､��0�壽擲莠ｬ驛ｽ邱乗焚縲�1�壼玄驛ｨ繝ｻ蟶るΚ繝ｻ逕ｺ譚鷹Κ縲�2�夊･ｿ螟壽束驛｡繝ｻ蟲ｶ驛ｨ縲�3�壽髪蠎√��4�壼玄蟶ら伴譚托ｼ�,,,,,,,,,,,,,,,,,,,,
5,28176,4558,154.5
110019,1311000500,110,5,0,,,,笳�,,40,50,逶ｮ鮟貞玄,荳顔岼鮟�,,荳顔岼鮟�,23973,0.88,27242,19398,123.6
110020,1311000501,110,5,1,,,,,笳�,50,5001,逶ｮ鮟貞玄,荳顔岼鮟�,荳顔岼鮟�1荳∫岼,荳顔岼鮟�1荳∫岼,5399,0.13,41530.8,1854,291.2
110021,1311000502,110,5,2,,,,,笳�,50,5002,逶ｮ鮟貞玄,荳顔岼鮟�,荳顔岼鮟�2荳∫岼,荳顔岼鮟�2荳∫岼,8064,0.19,42442.1,4458,180.9
110022,1311000503,110,5,3,,,,,笳�,50,5003,逶ｮ鮟貞玄,荳顔岼鮟�,荳顔岼鮟�3荳∫岼,荳顔岼鮟�3荳∫岼,5220,0.24,21750,5345,97.7
110023,1311000504,110,5,4,,,,,笳�,50,5004,逶ｮ鮟貞玄,荳顔岼鮟�,荳顔岼鮟�4荳∫岼,荳顔岼鮟�4荳∫岼,2404,0.16,15025,3878,62
110024,1311000505,110,5,5,,,,,笳�,50,5005,逶ｮ鮟貞玄,荳顔岼鮟�,荳顔岼鮟�5荳∫岼,荳顔岼鮟�5荳∫岼,2886,0.16,18037.5,3863,74.7
110025,1311000600,110,6,0,,,,笳�,,40,60,逶ｮ鮟貞玄,荳ｭ逶ｮ鮟�,,荳ｭ逶ｮ鮟�,17671,0.89,19855.1,14897,118.6
110026,1311000601,110,6,1,,,,,笳�,50,6001,逶ｮ鮟貞玄,荳ｭ逶ｮ鮟�,荳ｭ逶ｮ鮟�1荳∫岼,荳ｭ逶ｮ鮟�1荳∫岼,4385,0.12,36541.7,3144,139.5
110027,1311000602,110,6,2,,,,,笳�,50,6002,逶ｮ鮟貞玄,荳ｭ逶ｮ鮟�,荳ｭ逶ｮ鮟�2荳∫岼,荳ｭ逶ｮ鮟�2荳∫岼,5360,0.31,17290.3,2511,213.5
110028,1311000603,110,6,3,,,,,笳�,50,6003,逶ｮ鮟貞玄,荳ｭ逶ｮ鮟�,荳ｭ逶ｮ鮟�3荳∫岼,荳ｭ逶ｮ鮟�3荳∫岼,3012,0.16,18825,2737,110
110029,1311000604,110,6,4,,,,,笳�,50,6004,逶ｮ鮟貞玄,荳ｭ逶ｮ鮟�,荳ｭ逶ｮ鮟�4荳∫岼,荳ｭ逶ｮ鮟�4荳∫岼,2372,0.12,19766.7,3085,76.9
110030,1311000605,110,6,5,,,,,笳�,50,6005,逶ｮ鮟貞玄,荳ｭ逶ｮ鮟�,荳ｭ逶ｮ鮟�5荳∫岼,荳ｭ逶ｮ鮟�5荳∫岼,2542,0.18,14122.2,3420,74.3
110031,1311000700,110,7,0,,,,笳�,,40,70,逶ｮ鮟貞玄,荳臥伐,,荳臥伐,6281,0.31,20261.3,5973,105.2
110032,1311000701,110,7,1,,,,,笳�,50,7001,逶ｮ鮟貞玄,荳臥伐,荳臥伐1荳∫岼,荳臥伐1荳∫岼,3828,0.14,27342.9,2334,164
110033,1311000702,110,7,2,,,,,笳�,50,7002,逶ｮ鮟貞玄,荳臥伐,荳臥伐2荳∫岼,荳臥伐2荳∫岼,2453,0.17,14429.4,3639,67.4
110034,1311000800,110,8,0,,,,笳�,,40,80,逶ｮ鮟貞玄,逶ｮ鮟�,,逶ｮ鮟�,22199,0.62,35804.8,13322,166.6
110035,1311000801,110,8,1,,,,,笳�,50,8001,逶ｮ鮟貞玄,逶ｮ鮟�,逶ｮ鮟�1荳∫岼,逶ｮ鮟�1荳∫岼,6196,0.18,34422.2,3938,157.3
110036,1311000802,110,8,2,,,,,笳�,50,8002,逶ｮ鮟貞玄,逶ｮ鮟�,逶ｮ鮟�2荳∫岼,逶ｮ鮟�2荳∫岼,3227,0.12,26891.7,2628,122.8
110037,1311000803,110,8,3,,,,,笳�,50,8003,逶ｮ鮟貞玄,逶ｮ鮟�,逶ｮ鮟�3荳∫岼,逶ｮ鮟�3荳∫岼,10431,0.16,65193.8,3140,332.2
110038,1311000804,110,8,4,,,,,笳�,50,8004,逶ｮ鮟貞玄,逶ｮ鮟�,逶ｮ鮟�4荳∫岼,逶ｮ鮟�4荳∫岼,2345,0.16,14656.3,3616,64.9
110039,1311000900,110,9,0,,,,笳�,,40,90,逶ｮ鮟貞玄,荳狗岼鮟�,,荳狗岼鮟�,25642,0.96,26710.4,20459,125.3
110040,1311000901,110,9,1,,,,,笳�,50,9001,逶ｮ鮟貞玄,荳狗岼鮟�,荳狗岼鮟�1荳∫岼,荳狗岼鮟�1荳∫岼,8435,0.09,93722.2,1492,565.3
110041,1311000902,110,9,2,,,,,笳�,50,9002,逶ｮ鮟貞玄,荳狗岼鮟�,荳狗岼鮟�2荳∫岼,荳狗岼鮟�2荳∫岼,5508,0.17,32400,5387,102.2
110042,1311000903,110,9,3,,,,,笳�,50,9003,逶ｮ鮟貞玄,荳狗岼鮟�,荳狗岼鮟�3荳∫岼,荳狗岼鮟�3荳∫岼,3603,0.17,21194.1,3894,92.5
110043,1311000904,110,9,4,,,,,笳�,50,9004,逶ｮ鮟貞玄,荳狗岼鮟�,荳狗岼鮟�4荳∫岼,荳狗岼鮟�4荳∫岼,2586,0.13,19892.3,2852,90.7
110044,1311000905,110,9,5,,,,,笳�,50,9005,逶ｮ鮟貞玄,荳狗岼鮟�,荳狗岼鮟�5荳∫岼,荳狗岼鮟�5荳∫岼,2110,0.25,8440,3876,54.4
110045,1311000906,110,9,6,,,,,笳�,50,9006,逶ｮ鮟貞玄,荳狗岼鮟�,荳狗岼鮟�6荳∫岼,荳狗岼鮟�6荳∫岼,3400,0.15,22666.7,2958,114.9
110046,1311001000,110,10,0,,,,笳�,,40,100,逶ｮ鮟貞玄,荳ｭ逕ｺ,,荳ｭ逕ｺ,7002,0.42,16671.4,9928,70.5
110047,1311001001,110,10,1,,,,,笳�,50,10001,逶ｮ鮟貞玄,荳ｭ逕ｺ,荳ｭ逕ｺ1荳∫岼,荳ｭ逕ｺ1荳∫岼,3626,0.2,18130,5096,71.2
110048,1311001002,110,10,2,,,,,笳�,50,10002,逶ｮ鮟貞玄,荳ｭ逕ｺ,荳ｭ逕ｺ2荳∫岼,荳ｭ逕ｺ2荳∫岼,3376,0.22,15345.5,4832,69.9
110049,1311001100,110,11,0,,,,笳�,,40,110,逶ｮ鮟貞玄,莠疲悽譛ｨ,,莠疲悽譛ｨ,6622,0.51,12984.3,9561,69.3
110050,1311001101,110,11,1,,,,,笳�,50,11001,逶ｮ鮟貞玄,莠疲悽譛ｨ,莠疲悽譛ｨ1荳∫岼,莠疲悽譛ｨ1荳∫岼,2494,0.2,12470,3665,68
110051,1311001102,110,11,2,,,,,笳�,50,11002,逶ｮ鮟貞玄,莠疲悽譛ｨ,莠疲悽譛ｨ2荳∫岼,莠疲悽譛ｨ2荳∫岼,2968,0.2,14840,3928,75.6
110052,1311001103,110,11,3,,,,,笳�,50,11003,逶ｮ鮟貞玄,莠疲悽譛ｨ,莠疲悽譛ｨ3荳∫岼,莠疲悽譛ｨ3荳∫岼,1160,0.11,10545.5,1968,58.9
110053,1311001200,110,12,0,,,,笳�,,40,120,逶ｮ鮟貞玄,逾仙､ｩ蟇ｺ,,逾仙､ｩ蟇ｺ,5041,0.2,25205,4440,113.5
110054,1311001201,110,12,1,,,,,笳�,50,12001,逶ｮ鮟貞玄,逾仙､ｩ蟇ｺ,逾仙､ｩ蟇ｺ1荳∫岼,逾仙､ｩ蟇ｺ1荳∫岼,1746,0.1,17460,2403,72.7
110055,1311001202,110,12,2,,,,,笳�,50,12002,逶ｮ鮟貞玄,逾仙､ｩ蟇ｺ,逾仙､ｩ蟇ｺ2荳∫岼,逾仙､ｩ蟇ｺ2荳∫岼,3295,0.1,32950,2037,161.8
110056,1311001300,110,13,0,,,,笳�,,40,130,逶ｮ鮟貞玄,荳ｭ螟ｮ逕ｺ,,荳ｭ螟ｮ逕ｺ,8007,0.33,24263.6,8109,98.7
110057,1311001301,110,13,1,,,,,笳�,50,13001,逶ｮ鮟貞玄,荳ｭ螟ｮ逕ｺ,荳ｭ螟ｮ逕ｺ1荳∫岼,荳ｭ螟ｮ逕ｺ1荳∫岼,3239,0.14,23135.7,3330,97.3
110058,1311001302,110,13,2,,,,,笳�,50,13002,逶ｮ鮟貞玄,荳ｭ螟ｮ逕ｺ,荳ｭ螟ｮ逕ｺ2荳∫岼,荳ｭ螟ｮ逕ｺ2荳∫岼,4768,0.19,25094.7,4779,99.8
110059,1311001400,110,14,0,,,,笳�,,40,140,逶ｮ鮟貞玄,逶ｮ鮟呈悽逕ｺ,,逶ｮ鮟呈悽逕ｺ,17107,0.92,18594.6,23929,71.5
110060,1311001401,110,14,1,,,,,笳�,50,14001,逶ｮ鮟貞玄,逶ｮ鮟呈悽逕ｺ,逶ｮ鮟呈悽逕ｺ1荳∫岼,逶ｮ鮟呈悽逕ｺ1荳∫岼,2427,0.12,20225,2653,91.5
110061,1311001402,110,14,2,,,,,笳�,50,14002,逶ｮ鮟貞玄,逶ｮ鮟呈悽逕ｺ,逶ｮ鮟呈悽逕ｺ2荳∫岼,逶ｮ鮟呈悽逕ｺ2荳∫岼,3725,0.17,21911.8,4483,83.1
110062,1311001403,110,14,3,,,,,笳�,50,14003,逶ｮ鮟貞玄,逶ｮ鮟呈悽逕ｺ,逶ｮ鮟呈悽逕ｺ3荳∫岼,逶ｮ鮟呈悽逕ｺ3荳∫岼,1946,0.11,17690.9,3079,63.2
110063,1311001404,110,14,4,,,,,笳�,50,14004,逶ｮ鮟貞玄,逶ｮ鮟呈悽逕ｺ,逶ｮ鮟呈悽逕ｺ4荳∫岼,逶ｮ鮟呈悽逕ｺ4荳∫岼,2943,0.17,17311.8,4273,68.9
110064,1311001405,110,14,5,,,,,笳�,50,14005,逶ｮ鮟貞玄,逶ｮ鮟呈悽逕ｺ,逶ｮ鮟呈悽逕ｺ5荳∫岼,逶ｮ鮟呈悽逕ｺ5荳∫岼,3091,0.19,16268.4,5254,58.8
110065,1311001406,110,14,6,,,,,笳�,50,14006,逶ｮ鮟貞玄,逶ｮ鮟呈悽逕ｺ,逶ｮ鮟呈悽逕ｺ6荳∫岼,逶ｮ鮟呈悽逕ｺ6荳∫岼,2975,0.16,18593.8,4187,71.1
110066,1311001500,110,15,0,,,,笳�,,40,150,逶ｮ鮟貞玄,蜴溽伴,,蜴溽伴,4428,0.23,19252.2,5537,80
110067,1311001501,110,15,1,,,,,笳�,50,15001,逶ｮ鮟貞玄,蜴溽伴,蜴溽伴1荳∫岼,蜴溽伴1荳∫岼,2721,0.12,22675,3071,88.6
110068,1311001502,110,15,2,,,,,笳�,50,15002,逶ｮ鮟貞玄,蜴溽伴,蜴溽伴2荳∫岼,蜴溽伴2荳∫岼,1707,0.11,15518.2,2466,69.2
110069,1311001600,110,16,0,,,,笳�,,40,160,逶ｮ鮟貞玄,豢苓ｶｳ,,豢苓ｶｳ,3679,0.29,12686.2,5742,64.1
110070,1311001601,110,16,1,,,,,笳�,50,16001,逶ｮ鮟貞玄,豢苓ｶｳ,豢苓ｶｳ1荳∫岼,豢苓ｶｳ1荳∫岼,1631,0.12,13591.7,2911,56
110071,1311001602,110,16,2,,,,,笳�,50,16002,逶ｮ鮟貞玄,豢苓ｶｳ,豢苓ｶｳ2荳∫岼,豢苓ｶｳ2荳∫岼,2048,0.17,12047.1,2831,72.3
110072,1311001700,110,17,0,,,,笳�,,40,170,逶ｮ鮟貞玄,蜊�,,蜊�,4266,0.36,11850,7264,58.7
110073,1311001701,110,17,1,,,,,笳�,50,17001,逶ｮ鮟貞玄,蜊�,蜊�1荳∫岼,蜊�1荳∫岼,1746,0.16,10912.5,2877,60.7
110074,1311001702,110,17,2,,,,,笳�,50,17002,逶ｮ鮟貞玄,蜊�,蜊�2荳∫岼,蜊�2荳∫岼,1453,0.12,12108.3,2406,60.4
110075,1311001703,110,17,3,,,,,笳�,50,17003,逶ｮ鮟貞玄,蜊�,蜊�3荳∫岼,蜊�3荳∫岼,1067,0.08,13337.5,1981,53.9
110076,1311001800,110,18,0,,,,笳�,,40,180,逶ｮ鮟貞玄,遒第枚隹ｷ,,遒第枚隹ｷ,14688,1.03,14260.2,17037,86.2
110077,1311001801,110,18,1,,,,,笳�,50,18001,逶ｮ鮟貞玄,遒第枚隹ｷ,遒第枚隹ｷ1荳∫岼,遒第枚隹ｷ1荳∫岼,2968,0.22,13490.9,3816,77.8
110078,1311001802,110,18,2,,,,,笳�,50,18002,逶ｮ鮟貞玄,遒第枚隹ｷ,遒第枚隹ｷ2荳∫岼,遒第枚隹ｷ2荳∫岼,2917,0.16,18231.3,3119,93.5
110079,1311001803,110,18,3,,,,,笳�,50,18003,逶ｮ鮟貞玄,遒第枚隹ｷ,遒第枚隹ｷ3荳∫岼,遒第枚隹ｷ3荳∫岼,1334,0.13,10261.5,2272,58.7
110080,1311001804,110,18,4,,,,,笳�,50,18004,逶ｮ鮟貞玄,遒第枚隹ｷ,遒第枚隹ｷ4荳∫岼,遒第枚隹ｷ4荳∫岼,3380,0.17,19882.4,2565,131.8
110081,1311001805,110,18,5,,,,,笳�,50,18005,逶ｮ鮟貞玄,遒第枚隹ｷ,遒第枚隹ｷ5荳∫岼,遒第枚隹ｷ5荳∫岼,2781,0.21,13242.9,3476,80
110082,1311001806,110,18,6,,,,,笳�,50,18006,逶ｮ鮟貞玄,遒第枚隹ｷ,遒第枚隹ｷ6荳∫岼,遒第枚隹ｷ6荳∫岼,1308,0.14,9342.9,1789,73.1
110083,1311001900,110,19,0,,,,笳�,,40,190,逶ｮ鮟貞玄,鮃ｹ逡ｪ,,鮃ｹ逡ｪ,9644,0.39,24728.2,8898,108.4
110084,1311001901,110,19,1,,,,,笳�,50,19001,逶ｮ鮟貞玄,鮃ｹ逡ｪ,鮃ｹ逡ｪ1荳∫岼,鮃ｹ逡ｪ1荳∫岼,1868,0.12,15566.7,2538,73.6
110085,1311001902,110,19,2,,,,,笳�,50,19002,逶ｮ鮟貞玄,鮃ｹ逡ｪ,鮃ｹ逡ｪ2荳∫岼,鮃ｹ逡ｪ2荳∫岼,3560,0.13,27384.6,3175,112.1
110086,1311001903,110,19,3,,,,,笳�,50,19003,逶ｮ鮟貞玄,鮃ｹ逡ｪ,鮃ｹ逡ｪ3荳∫岼,鮃ｹ逡ｪ3荳∫岼,4216,0.14,30114.3,3185,132.4
110087,1311002000,110,20,0,,,,笳�,,40,200,逶ｮ鮟貞玄,蟷ｳ逕ｺ,,蟷ｳ逕ｺ,4882,0.33,14793.9,6735,72.5
110088,1311002001,110,20,1,,,,,笳�,50,20001,逶ｮ鮟貞玄,蟷ｳ逕ｺ,蟷ｳ逕ｺ1荳∫岼,蟷ｳ逕ｺ1荳∫岼,2715,0.17,15970.6,3584,75.8
110089,1311002002,110,20,2,,,,,笳�,50,20002,逶ｮ鮟貞玄,蟷ｳ逕ｺ,蟷ｳ逕ｺ2荳∫岼,蟷ｳ逕ｺ2荳∫岼,2167,0.16,13543.8,3151,68.8
110090,1311002100,110,21,0,,,,笳�,,40,210,逶ｮ鮟貞玄,螟ｧ蟯｡螻ｱ,,螟ｧ蟯｡螻ｱ,12653,0.39,32443.6,6930,182.6
110091,1311002101,110,21,1,,,,,笳�,50,21001,逶ｮ鮟貞玄,螟ｧ蟯｡螻ｱ,螟ｧ蟯｡螻ｱ1荳�