町丁目,世帯数[世帯],男[人],女[人],合計[人]
両国一丁目,94,53,65,118
両国二丁目,110,73,94,167
両国三丁目,58,39,52,91
両国四丁目,94,62,70,132
千歳一丁目,25,22,21,43
千歳二丁目,24,16,19,35
千歳三丁目,50,30,46,76
緑一丁目,119,84,67,151
緑二丁目,72,51,61,112
緑三丁目,83,71,75,146
緑四丁目,203,133,203,336
立川一丁目,33,20,23,43
立川二丁目,40,37,19,56
立川三丁目,20,18,18,36
立川四丁目,38,32,33,65
菊川一丁目,29,19,26,45
菊川二丁目,38,24,36,60
菊川三丁目,65,48,61,109
江東橋一丁目,108,75,121,196
江東橋二丁目,134,107,145,252
江東橋三丁目,97,66,98,164
江東橋四丁目,309,192,355,547
江東橋五丁目,70,49,86,135
横網一丁目,5,7,2,9
横網二丁目,58,41,33,74
亀沢一丁目,36,30,39,69
亀沢二丁目,30,30,31,61
亀沢三丁目,40,36,37,73
亀沢四丁目,61,44,80,124
石原一丁目,75,61,70,131
石原二丁目,37,30,35,65
石原三丁目,65,52,52,104
石原四丁目,51,43,69,112
本所一丁目,43,37,59,96
本所二丁目,25,21,32,53
本所三丁目,59,29,64,93
本所四丁目,35,22,44,66
東駒形一丁目,46,39,21,60
東駒形二丁目,59,50,28,78
東駒形三丁目,30,25,21,46
東駒形四丁目,26,25,36,61
吾妻橋一丁目,47,35,38,73
吾妻橋二丁目,19,15,18,33
吾妻橋三丁目,19,16,27,43
錦糸一丁目,105,76,125,201
錦糸二丁目,82,73,86,159
錦糸三丁目,77,50,95,145
錦糸四丁目,120,93,130,223
太平一丁目,134,107,138,245
太平二丁目,101,65,108,173
太平三丁目,69,56,72,128
太平四丁目,162,136,194,330
横川一丁目,33,39,36,75
横川二丁目,32,23,25,48
横川三丁目,25,23,38,61
横川四丁目,77,40,67,107
横川五丁目,31,46,78,124
業平一丁目,28,26,24,50
業平二丁目,21,28,22,50
業平三丁目,22,19,21,40
業平四丁目,35,37,42,79
業平五丁目,20,16,21,37
向島一丁目,24,25,20,45
向島二丁目,30,31,27,58
向島三丁目,50,36,50,86
向島四丁目,21,25,29,54
向島五丁目,41,36,52,88
東向島一丁目,28,27,33,60
東向島二丁目,42,38,58,96
東向島三丁目,48,35,50,85
東向島四丁目,51,42,61,103
東向島五丁目,36,33,50,83
東向島六丁目,37,32,48,80
堤通一丁目,40,48,43,91
堤通二丁目,64,77,142,219
墨田一丁目,24,37,51,88
墨田二丁目,37,40,54,94
墨田三丁目,33,34,49,83
墨田四丁目,40,35,58,93
墨田五丁目,18,15,31,46
押上一丁目,30,24,35,59
押上二丁目,46,38,57,95
押上三丁目,48,51,62,113
京島一丁目,56,56,96,152
京島二丁目,21,25,24,49
京島三丁目,33,38,49,87
文花一丁目,65,93,138,231
文花二丁目,44,30,54,84
文花三丁目,28,27,42,69
八広一丁目,24,26,43,69
八広二丁目,41,45,68,113
八広三丁目,22,26,48,74
八広四丁目,46,29,70,99
八広五丁目,36,32,56,88
八広六丁目,32,34,49,83
立花一丁目,231,215,244,459
立花二丁目,66,44,40,84
立花三丁目,59,62,67,129
立花四丁目,55,62,93,155
立花五丁目,88,99,111,210
立花六丁目,41,31,62,93
東墨田一丁目,14,15,3,18
東墨田二丁目,33,38,30,68
東墨田三丁目,23,26,15,41
文花二丁目,44 "SAFIELD001": 62028, "SAFIELD002": 1, "SAFIELD003": 127.0 }, "geometry": { "type": "Polygon", "coordinates": [ [ [ 139.75957199603917, 35.594572649407468 ], [ 139.75957706201982, 35.594584100092042 ], [ 139.75957694612143, 35.594590139297786 ], [ 139.759576944385, 35.594592032204332 ], [ 139.75958047328834, 35.594594828656106 ], [ 139.75959261287036, 35.594594655807448 ], [ 139.75959703067565, 35.594590872695179 ], [ 139.75959660445278, 35.594574286958142 ], [ 139.75959793156301, 35.594571223062509 ], [ 139.75959904018845, 35.594565725294828 ], [ 139.75960169258983, 35.594561580548451 ], [ 139.75960457289864, 35.594549593895564 ], [ 139.75960645601486, 35.594541933278578 ], [ 139.75961573569546, 35.59453148289375 ], [ 139.75961783572515, 35.594527968778351 ], [ 139.75962435537275, 35.5945186885046 ], [ 139.75962932397192, 35.594515987389471 ], [ 139.7596345147744, 35.59451166391775 ], [ 139.75963661645517, 35.594506347033835 ], [ 139.7596404875847, 35.594496975001157 ], [ 139.75964821645857, 35.594492833357641 ], [ 139.75965362673591, 35.594489862096147 ], [ 139.75966202279565, 35.594480222413601 ], [ 139.7596789247718, 35.594461483944571 ], [ 139.75968080515403, 35.594456797893812 ], [ 139.7596852269107, 35.594448688134563 ], [ 139.75968743820155, 35.594444182562818 ], [ 139.75969108406511, 35.594439768006083 ], [ 139.75970598975775, 35.594431754790094 ], [ 139.75971184401988, 35.594425989504927 ], [ 139.75971449451256, 35.594423917939388 ], [ 139.7597176973733, 35.594421215741974 ], [ 139.75972388361583, 35.594414459135912 ], [ 139.75972918600252, 35.594408783651282 ], [ 139.75973404926646, 35.594400584021336 ], [ 139.75973383688392, 35.594391479907095 ], [ 139.75973383861668, 35.594389587000478 ], [ 139.75974146033496, 35.594381929885479 ], [ 139.75974268095604, 35.594374629415455 ], [ 139.75974478378103, 35.594368050591761 ], [ 139.75974511601007, 35.594366788856163 ], [ 139.75974920362901, 35.594362014013477 ], [ 139.75975141961587, 35.594352370551064 ], [ 139.75975705702973, 35.594342368623522 ], [ 139.75975827740132, 35.59433533856852 ], [ 139.75976269600929, 35.594330654065878 ], [ 139.75976512965798, 35.594324345859121 ], [ 139.75976811262186, 35.594320742141463 ], [ 139.75977043277803, 35.594317859126875 ], [ 139.75977032844034, 35.594311278955459 ], [ 139.75977033000726, 35.594309566325627 ], [ 139.7597778361615, 35.594307587860804 ], [ 139.75977916829046, 35.594299025519895 ], [ 139.75978380835321, 35.594293529905443 ], [ 139.75978359629511, 35.594284065237467 ], [ 139.75977741930339, 35.594280726344586 ], [ 139.75977201762137, 35.594274323216879 ], [ 139.75976506449672, 35.59427494994199 ], [ 139.75975490546634, 35.594281613986517 ], [ 139.75974497539994, 35.594279264323738 ], [ 139.7597432096735, 35.594279263245596 ], [ 139.7597394540397, 35.594283046767778 ], [ 139.75974496797508, 35.594287376780834 ], [ 139.7597460689143, 35.594290261883849 ], [ 139.75974595443154, 35.594294768737072 ], [ 139.75974164420242, 35.594301616628385 ], [ 139.7597405329503, 35.59430999882683 ], [ 139.75973699893839, 35.594312790961148 ], [ 139.7597301533626, 35.594316482457629 ], [ 139.75972441029293, 35.594321346427087 ], [ 139.75972263680839, 35.594329818359327 ], [ 139.75971512347047, 35.594339638862486 ], [ 139.75970915629819, 35.594348198371229 ], [ 139.75969856036218, 35.594349904528649 ], [ 139.75969491442052, 35.594354409224096 ], [ 139.75969854954809, 35.594361712660493 ], [ 139.75969854608095, 35.594365498473749 ], [ 139.75969699875722, 35.59436802140528 ], [ 139.75968837679596, 35.594383339675474 ], [ 139.75967865463622, 35.594394961595739 ], [ 139.75967434241414, 35.59440397280639 ], [ 139.75967301142836, 35.59441127320823 ], [ 139.75966870209521, 35.594417129574289 ], [ 139.75966748633931, 35.594419111877322 ], [ 139.7596620727636, 35.594425688675855 ], [ 139.75965621717637, 35.594432896173174 ], [ 139.75964638985224, 35.59443883930345 ], [ 139.75963291079353, 35.594455596815095 ], [ 139.75962738429283, 35.594464967835229 ], [ 139.75962340569743, 35.594471184955729 ], [ 139.75962119440226, 35.594475690526266 ], [ 139.75961765682536, 35.59448235860858 ], [ 139.75961124894314, 35.594490106596574 ], [ 139.75960892885897, 35.594492899469607 ], [ 139.75960671483483, 35.594500379607346 ], [ 139.75960240458284, 35.594507227493438 ], [ 139.75959720981101, 35.594515877607378 ], [ 139.75959311862042, 35.594524528396313 ], [ 139.7595896898265, 35.59453290917503 ], [ 139.75958792012611, 35.594537234738191 ], [ 139.75958140179574, 35.594545072795405 ], [ 139.75957830820883, 35.594548946855973 ], [ 139.75957697506203, 35.594558590855165 ], [ 139.75957586817165, 35.594562195716094 ], [ 139.75957465067481, 35.594566070924692 ], [ 139.75957199603917, 35.594572649407468 ] ] ] } },
{ "type": "Feature", "properties": { "SAFIELD000": 1419, "SAFIELD001": 61963, "SAFIELD002": 2, "SAFIELD003": 244.0 }, "geometry": { "type": "Polygon", "coordinates": [ [ [ 139.76179415702813, 35.594465552369584 ], [ 139.76179691245346, 35.594469520097419 ], [ 139.76180165601019, 35.59447159609752 ], [ 139.76181147684494, 35.594472773726011 ], [ 139.76182085873262, 35.59447115680095 ], [ 139.7618265946318, 35.59447422491197 ], [ 139.76182901914478, 35.594478012165808 ], [ 139.76182360574174, 35.59448458906158 ], [ 139.76182503510717, 35.594490539048088 ], [ 139.76182822507363, 35.594502258940643 ], [ 139.76182854532627, 35.59451442782283 ], [ 139.76182797389501, 35.594536511406559 ], [ 139.76182850500422, 35.594559767444331 ], [ 139.7618260667804, 35.594571393859013 ], [ 139.76182738490743, 35.594578335302465 ], [ 139.761832235463, 35.594584197180104 ], [ 139.76182737280257, 35.594591946202634 ], [ 139.76182703210776, 35.594602762615608 ], [ 139.76182713885871, 35.594606818909604 ], [ 139.76182591313233, 35.594620068535832 ], [ 139.76182612807716, 35.594626558632399 ], [ 139.761822699752, 35.594634669059531 ], [ 139.76182390279138, 35.594646928603716 ], [ 139.76182919799101, 35.594649185206904 ], [ 139.76183802650382, 35.594649370721427 ], [ 139.7618425556069, 35.594644415792878 ], [ 139.76184245198093, 35.594636844100897 ], [ 139.76184388968565, 35.594633419692279 ], [ 139.76184346347995, 35.594616293132297 ], [ 139.76184556477699, 35.594611246625021 ], [ 139.76184613436067, 35.594591236224936 ], [ 139.76184470362946, 35.594586818591772 ], [ 139.7618449317996, 35.594578435850394 ], [ 139.76184461162438, 35.594566176829964 ], [ 139.76184594145388, 35.594559958065055 ], [ 139.76184705224964, 35.594551846262533 ], [ 139.76184926414348, 35.594546529405363 ], [ 139.7618503822313, 35.594530215007254 ], [ 139.76185160130083, 35.594524446868846 ], [ 139.76185138587343, 35.594518497602678 ], [ 139.76185150023849, 35.594513990747494 ], [ 139.76185118102418, 35.594500650065996 ], [ 139.76185372807785, 35.594490736345968 ], [ 139.76185262866295, 35.594486048493955 ], [ 139.76184932432844, 35.594478835457231 ], [ 139.761850429513, 35.59447703334353 ], [ 139.76185153469751, 35.594475231229801 ], [ 139.76185484896862, 35.594471267103195 ], [ 139.76185254803522, 35.594452607077052 ], [ 139.76184052468815, 35.594446200114632 ], [ 139.76184041961989, 35.594440250913848 ], [ 139.76184273970526, 35.594437367859328 ], [ 139.76185345317788, 35.594427549121576 ], [ 139.76185489192008, 35.594422952913312 ], [ 139.76185611980219, 35.594407269549166 ], [ 139.76185833337414, 35.594400059784974 ], [ 139.76185822966681, 35.594392578231115 ], [ 139.76185956253724, 35.594382934206095 ], [ 139.76185924356247, 35.594369323109085 ], [ 139.76185881767529, 35.594351835994729 ], [ 139.76186158455783, 35.594342913927761 ], [ 139.76186169876  ｷ5鉀  �OｫﾃOAﾀtc�{ｭ]旛nﾉ窶ｺ援糺m恬ｫﾆ瑰�ｿ}X�cｿﾝ%9ﾓK弭ｵｦ{}ｿ�K�'%��ﾋ卯Irｾ柀楔ｰ愃?�3ﾋ姥N�?P{諸_bpTﾃ	 �a9q)ﾁﾄｹ>*y{'�"ﾟ鉗�ﾋ閏78�ﾀ閭>砲��ﾘﾋｹｷ�?ﾟｱ�<�G:ﾃ}�
�?A+8�ﾉJ�ﾚ殄ｰﾗGﾁ枡ｽｳ�-Yﾏﾞ慫�ﾋﾉ�58ﾒ_療/ﾐ｣�1X�蟇ﾉﾌ^x釣n�ｨ�uﾄﾂa?ﾜﾋkｭﾍ蓼･^nps*Z��A抛�/ﾔﾁkFﾔｱ餽ﾀwﾕBﾋ#ﾔqｫe�峅�C"寐ｹｳ鍄ﾄﾀｫOﾆｭﾟc�>Wｲl俘5�[nﾑy･�ﾃ'Xﾋ^ﾊv罵ｩRｧｽ^�-�鯑ﾜ�=��U8��xﾟﾏ6ﾘ�ﾅ鏞�J朴ｧ�5狄ﾜ畩ﾏ�fpT7��5��68ﾊq湧;��ﾂG]�/�TｴﾟCﾈ*饂C澎ｺ��ﾝ支�Q蛩O韜#Ultｵ�ﾟﾟｪﾃvﾆ盟J�2ﾌ]ｱ�	[�
ﾚｿzﾘ/]Mﾟ%恐蠢#ﾞ縁荅ﾒ㎡>ﾐｰﾅ+ﾝnYY}�<Kｿ&;Dﾏ�羡ｾﾊ|ﾐﾅｻ��$渹ﾐu､ﾋ�:/}"銷ﾋ｣NO588ｯｾoﾃﾞｿﾎ�5烱業ﾃｧ4)ﾙW�ﾗ3�Z�ｪY0"�甎ｩ�:ｮ|Xｼ^bC蚶ｰ�"-Y��,Yﾎ~�ｮﾇm配ﾅ,ﾓ7mｵ6ﾍuiﾌr0汁榁:ﾂu���1ﾄsｸ蘯ﾂu�	�籃J>ﾏ闌��ﾆn�ｭﾁﾇ}柬ﾋ�>�&竧XG｣B6ｼﾁ:峯鰄執ﾗ68}ﾞJL�%懃Flﾞl|F�ﾑ`跟|ｼ滞ﾆ�7价磬E矣ｶV窈ｱ[ｸw �^ﾋｰ遜ｸV#xh�6 7顯��68ﾒ-ｰｩ箜�-ﾜ�7`{ｷ璟0ssﾛｰｾlpC#|ｸ9ﾛ�ﾋ琲=ｱFt(ズｫﾋg�3ﾖHｮ!�08\ｯ皴Q�*ｲsﾐﾏｿﾖH^H;~mワ�+ｵﾅlDﾞa�<孀泱ﾐoﾙｯ荿	_ｷ}g,�ﾏ`l'ｷyﾓ�.ﾔﾈｹMﾀﾁﾃ|Bsﾇ遘ｻﾍ擾渣ｫ28\障･ﾉｺﾜｿ;ﾞM徃o､t｡ﾇ＠SﾀmﾝB蹙ｧ`r�崎Yq_ｰa�ﾖHｬ蔀Q甯Flxl瀦嚥lﾜ&�6OｱI6w.ﾀﾗwﾃj01ﾛｬ更wl傚&l4ﾝ)ｮﾏｬsﾙｧﾜ擔ﾙЛVﾜgﾓﾒsG[ﾟ�&b�史ｼ�ｷCIbn塋5ﾑ]*�LｪoﾎA/wOﾇﾇﾓ�ｧ{ｹkhﾂｧ�tﾟｷ'ﾑGX釵dｰ�$勛�+圷|ｿﾞｺSｾ女ｮﾗ�1�ﾈｨ4ｺVｳ沱兊��!諺ﾚ傔∀K}Pw6AO�ﾜ!hq_ﾄｲ�ｫi餽-ﾍ�bF+ﾍ爻_s纜､yｿｬY>1�?ｿｭﾊ鵰偲�ｷYﾞ�3ｮｯﾚ�.^ｳl!|uﾀｷ蟶Ckﾆ姪ｷ�燮9bﾀ[oNcckg�ﾇsﾃgﾜﾌ9ﾈB?ﾍ�ｴ�程��ｿﾉ��夾ﾝ蛉gｮ冱gｰp｡*}ﾗoxl?獲�"gｶ^V ﾟ<ﾂ宿�"ﾝ=ﾉ5jﾁ�.R_]��7誨^ﾜ7>ｺ63xZｩﾘ��[�'ﾜMｶ製ZﾀWﾟ｢X�wAk�/瓱-�淬磅O曺ﾈH�湎ｲOｴ｣-�3ﾜ◎optﾗ:�n2仞ｸ'^_W&鈴ﾋﾈ:.甎�陬LL�)餧WM2^�1�iA� v�+|ｿ�;ｏｮﾏP皂t6ｰ�6ｴbﾛｱﾇ煢ﾜ)ﾚｲｭﾌc偈ﾞJ.	櫢ｲV�ｪⅨﾟNﾏ1vd[+ｱSG���諞ｾﾄ�ﾁ痞l]竪逮+��ｵK�U:諒#ﾚ�.�ｦ-ｱ#ｺ;閼_�ﾕNﾃW�#ﾚ,��ﾘ迦ﾗ+{_N�|J<Wﾍ�3|��]ﾔA�{$wh晁�)ﾁ���5ｼu�｢ｵｭ"ｿ音\B��=]K閨ｶﾘ�]ﾄﾈｬ"6ｬ虐Sｯﾟ窿}0|:�>|蜒�-5俑ﾌｾ}汗Cｰ[軣�凋硬rﾛｭ�=『�ｱ{奥･-|ｭ|ﾑｷoﾆｿ��皞ﾟｼ遁ｭ;Q�
zﾈ砒指U瑢pﾄWzﾄ5Wﾎ/|ｱﾑ瀾~ｶﾎnｭﾓ�xﾛ�r~��ｬ童臻r^ﾈU奝n�>蓐ﾑnｮjﾏR9憺前�*ｾﾟ怠ﾜ8ｿ��|�9ε:{B$3釥ｯ.窩O�mﾉM泗,rﾊ`b�#�=�^､ｾﾔ_og<|楽W�g{���ﾅ�梧笠�!'ｼ'ｲN?�輒�ﾕ�Fy�ﾄ�2ﾖ}ﾎzX7澈[�膤ｿﾓaｪ{ﾄ`~KN朎�7ﾄｴﾔ�'ﾆ��守?�'ｶｵG�)w~�ｳu&ｵｿﾑ�5��ｧ�∋澈[��ﾘ快�5鞜Fg.ﾟ羸ｰｻ��?>油ｵ��僮魵�ﾛv.�/Ijｮｺqｹ�ﾜﾝ枅p8_[wJ�ﾉﾆ^鄧z埜刕}Sｰｿｴｿba�ｳﾇ[j�kｽｲ'ﾘﾏa�w��ﾌﾜt>{�ﾟ銷磬l掵ﾚﾟ�ｰmﾟKﾛd'8ｶﾑｾ>[tﾙﾉｻﾀﾌ��Vﾄｼｦ�i<rCtL礼ｹO`ﾏ禔ｮ｢絲b噫Wtip8_[wｿ��｡�+ﾛｹ��mﾟﾞﾟR蕙犢�#	�羸y�ｺ�;vivt�;G�/ﾒﾟ輹�5W9T�ｳuｦｵﾎ�ｶaCｧｭﾄO�ｶ蔕猿筝｡ｿﾆ}畧g�ﾎ5ﾘsｧ蟋C?�<mﾅｾﾗymﾕﾜｸ/h��4ﾞF,｢ﾁ磬l�_'>歿|~ﾒ嘶>ｬ童Qｿﾟﾕｼﾄ{ﾃﾍ�邉嘩上}ｻ欒鉎ﾘ7ﾐ~ｪ兔ｯ�ﾍM湜�ｿ ~_3�ﾎﾏﾖ叟:#槨ﾈﾛ\ﾂy8ﾖ駑回�!ﾆﾏ煦�]岺霾`�!�?�iｬ﨟蕚ﾇcﾛﾌ�ﾒ�60W熾o守鉈ﾌyｬ%>瓣tｽqﾟN�尤%ｱ牟��%ｹ酊nﾜ篤~Dﾞ%�ﾂK'ｱﾊ閨Ijｨ`ﾖ$表O/5J�1{ﾑｿ噛�Xｷ譲ﾂｧｹzｹ7ﾀﾎ�_魑ｽN躙蒭�迄タ�Go!�*ｦ
桒{g�-忞緯ｦΧ?Hﾍ仭霤･ﾄbﾒ�ﾌ孖ﾁ杣急刋ﾞ遜'�Cﾎｱｾﾋ_刋�黄��ﾄ?側vU'1[I�捫>泗$&�勉ｪｽﾁQ-ｮ$z｢|鍼ﾎgﾊ��$ｿ$c�>�Lﾌp呑閉賃?ﾂ涛B泓ﾟ=�繊磁心	�'戻ﾟdp､ﾏ?湜�ﾘ-湜ｭz少�&ｾ�G�ﾜｵﾃﾇi_dｼ漫_0�^�7ｶsOｹ踴ﾞv拆���占｡��$ｱｱI$5｡
｢?��%�ｬ�=I�7ｱﾖｯ18�ﾆg狐�^>髢l樫ﾍ]cy姑i挧Oﾌﾀｧﾂｾﾃｱ�?ｷp髜ﾚﾂｵ�	q�6ﾄ=ｴ�oGoYｶkｽ�"�tM顆ﾒM楼ｶB{広ｦ�ﾏ��Vｴ�-qv茫,層ﾟｭ'ﾈﾏﾒﾛ｣ｴﾖｲｨ垬o'10ﾀﾏT~Ou�殊ﾆk=]�%ﾍ滌ｬ�>t;tﾈ�>|P靈vﾖ瀘�.對恢ｴ､詒0㌃=ﾂ:妺}ﾜﾀ﨩�y]@�2ｸ�.ﾞﾓ〓
�ｧv�乏�祚��_氓wﾃ�魄†ｼﾊ潯Wo4倚 ｶ�9bpﾌqﾘﾟQN晋廳碯ﾍ珍稗ｧﾉ�'ﾉｧ�z貽ﾋ畩ﾄ莢~ﾅwｵﾑ��<ｲ|}/Oｽﾁﾄ�筑ﾇｷ�=Idw敲`#ﾘdy�E&ｱ柀�%ﾉzﾊ鎰Ib､�Bｿﾔwt[|ﾒｿMbｳ癈6ﾘu刳�S汞��;醤�>ｶ･ｸ�$Oﾙｿ｡(ﾙﾎ~毎荘�-胚､ｿ覩���ｬﾝﾗ~ｶﾕXｮ> ^�ﾎ#徃ｸ姿�<ﾃ�m�ﾋ_=AwCｷ毎澂､ﾈｵO�<ｻ}垓%oﾚｾyl�%�4Eoﾐﾋ･:檸R"61�]Qﾐﾘ�ﾏﾏﾍ耆M｡��<0��<|佼/ｧﾎ�搾11ﾄ研t⑦<{JkｧN��亥H��ﾀｧ;��]衣靍1蓊}ｺ鏆n�yRAｸ� �ｮ<nb
皦ｷ�難gﾕ?1uE�^yﾖ�爲楮ﾁ痿]Eｿ糟Tm 在Kﾎtﾟ妺-﨨G忱?wW}�=�_鑈銈｡ｾﾘ脯ﾘｧ綷�,)%ｺ_kﾃ^Hﾃ｣Z�ｷ/M/陰｡-ﾋf'!�<�鏡cpNﾜ7wfi�ﾁﾒﾈ精ﾒﾄNｴﾂﾟ��5Wﾚｰｵﾓﾜ嵯aｳｦ演a~顥矛ﾁzｻ6\障･l鋺iｱｮ��ﾄｫG/Gmﾉﾎﾀｩｻdｰﾇ4 W�>o3徭篳Ve囲ﾄ�?1�hﾔ�ｧﾗ緯ﾉ�ﾇF苒愑ﾖ�[�;ｾ渝Ovω]Kvﾟ�Bﾛ3���mp晄ﾗ�O9�>kS�ｹ期hlｾ�{ﾎ琲=Uｽ\Oﾞ}鶏3ﾈｹz籀oqzﾟszG�ｭ"v!ﾃ�酌ﾛﾎｫｨWｯ�ﾌ交∀ｨ�袤ﾐ|蟋ﾑ諸ﾄﾎｦ�ﾝMﾔCﾉ�ｷ4AｷZOy�縱rｼeﾐｻ圸ｳﾄfb*3頌﨟	>’�}崔!}�z�ｲ匿}C務皷淪,�｡-u�ﾄJｮvf｡�<�%�±nﾋ丹ｴ棄3ｽ嬋ｰﾇ�#ｿ箜音ｮ�f髱ﾛz黴ﾄs'�?K~F=��^ｪ�"�vbﾊ｡ﾃﾗeﾉ7YE]:ε�+ﾂc憮朞oｦｱﾝrK[ﾞW念ｽt ｹ|w9斑g <報�|[ﾟｺﾁﾑ�ｦ��苧ﾏEs#ﾏ#ｽｦ}ﾝoﾉ�>ｾ/ﾋ�ｧ閘�鮻ｿ[ﾖ繒ﾍ�ﾗｿb鐃L�<6J4Eﾝ�6ﾛ鐔=\uﾏ�ﾆｽx=&ﾁ搏�'ﾔｷ|7�ｸs48z_`�ﾝｨｶﾁｼC駻ｩ�ﾉﾍ�z {｢鋼I~ey癩/ｿｿ已ﾟﾆﾚ�2~[ｻp��gｰ�悄v 葈@_c=g(&難�ﾄﾈ��`b8}��c|釮Uﾃﾈ=迦澪ﾅ}]Pｯ峺ｼ�]@Αﾓy|d�-�ynﾓｷｿｯ3@, ﾟｪ}@ﾞｽ(�ｪｹｩ~{#軣�ｶ.�aJ�1�S�<愠ｬｫブﾑ盆ﾑ≡ｫO4~ﾉｻD笳ﾄbｩｮ=h賈:W鞏Pﾚﾟ>�ｿ�>`.ﾑ�ｭﾂ^ﾐy��ｽ恝ｵ�:｢駿ｭ�5ｻ/\ﾓ<_O~ｾz�ﾕョ?ﾟ6�=ｯ晶q腦N� ﾇﾗﾇ4��.4�T蛸ﾚ+ﾖﾟ ?樹ﾇﾄ�=ﾎ"5ｳ6筒ﾆ>gﾘgﾚｺ�	xﾔﾉyﾖ材ｼ}Om閔喩嵌ﾂ.lﾕｹGｶ�娶�jb訊~�湮cﾟﾙｽy�b#�&輊ｭ�ｯｾ�;ｲNi�iﾁ琥饗w4wﾐY~ﾁ<vB|1醤ﾕB^ｩEﾗ-ｾOｦ�ﾅ|ｷ�貎�.v{?ｿe:nq:x埣�､ｿ�-ﾐ=�?霓0Vｽ�ﾝｧ瘠ｻMbｬﾘ涸ｴ笂ﾏcgｷ9ﾝnﾓ�ｬ�+Bz2ｺｵ� 楚疊校6%xa[ﾞ鶯餒牟���z� u$
�{|M;Aｱ@zｷ7ﾇ<
ﾐﾇ�xzｩ`兤 ﾟｦｺ~1��ｦ}ﾊBﾗﾕ�止ｾMﾉvz庵霽阯S'ﾏ�<zﾐaZO�ﾟH{�'ｿ読_漕志�響Poﾗ`ｯﾑOL(tpA?u&Oｿ��
{Y迪偬誼�m抓�?+~倪檠旒�<wi)�慱/･��?uwｭﾏ;>ｷ}県sﾛｧsﾏｲﾁ薫ｽc鶫�ｻﾄｻ:�ﾜe趺oﾚ�'�?ｾU| ｭ�盟Y	{ﾄ硯����c傚�-�/ﾟ�>�ﾘ�皞逮闕r~Nｶ�g慊�-`�'苛)@淆O糯�&ｹｫ3亠ｵ淲 �ﾏ]2ﾟWB??ﾒz�oCｼ=%YｿﾁQ?ﾀ絋�Iﾖ｣wq｡醤ﾇaｿG)r��"蒴ﾂ~2ﾘ�,ﾃ'糾�"ｨzﾔ5-�.ｻ橢nJ籏>墜ｿS蒡?�鰯R)b｣巾ｯ��a�5fpDﾋ�{ｱ錠��>ｽ+ﾜﾏ}�xu?~/^ｮ惑�諧ｱD�$鋳�2ﾞ}.ﾉｮ笶�惞j｣3气"襞 gｳNﾟW�d騨Erｰ些ﾛ�/��Y�/縷ｯHX{Jﾃ.､�Ks萃ﾐﾟｿ并ﾕ;@� 挌�ﾟ�_jp(�L試-yｯﾝ�y|�ｼ刧ﾅ>Q[rAﾄ�'ﾋ�]ｯﾟﾊ!}A}�%}��ﾃｻﾑ登ﾉsﾏVｯｹﾁ7Vｹ\ｺﾁ瀾>ｶｮqｭ+ﾒ保ﾈo+ﾀ#[ｰ�KﾗE[�~$�驥ﾅoZr@･ﾅ}#ｿ
�'ﾐG欣ﾓ!tｫ諞ｿ=�ｱuMﾜ7踐oQ袖ﾑLmDﾖE�mﾉ=ｳｶ�/+ﾂ�彅t}]ﾜ7ｹ%7ﾐoｯ.h.bｼｻｨss淹�ｳuZIﾓﾚy�夘ｶ&�ﾝｲｧ蓁ﾜﾀ:i��紡ﾎK槨`~{e涼n�ﾓ<ﾌ=B�:眤oｬ��8ﾃﾄ|k^|晴oｫ��9UGu�3ﾈ#ｾ?3^ｪ�$ｩ妓�w{h~ﾟ肅熈C鏨ﾀﾟﾒｻ-�(ﾟjpDw�想I�ﾂOﾞﾋ{c|?ｩ�c~�ﾑ�ﾔ� ?1ｬw攝oCzｶ!ｽE}ﾒ!麁�?Yｱ�~>柤0v���zｪ擯ﾜ�ﾐﾚ娃/憚覧輔�`PｱT*ﾜﾗw9~F��蛇ﾝ?08ﾂ#�泯�ﾔO"ｾB�ｫﾌ}y氷�ﾎY方ﾍ^ﾞE5ﾘﾟi�SU�U�1ｩUﾕ�攜*��ｦﾁ溘ｺｪ鑈ｫﾄSｨ執ﾁｪ7纓