町丁目,世帯数[世帯],男[人],女[人],合計[人]
両国一丁目,87,54,70,124
両国二丁目,116,75,88,163
両国三丁目,61,45,47,92
両国四丁目,114,74,82,156
千歳一丁目,32,19,27,46
千歳二丁目,38,27,28,55
千歳三丁目,55,44,46,90
緑一丁目,120,71,86,157
緑二丁目,82,58,73,131
緑三丁目,97,77,95,172
緑四丁目,237,160,186,346
立川一丁目,25,11,18,29
立川二丁目,38,32,13,45
立川三丁目,30,23,23,46
立川四丁目,52,37,36,73
菊川一丁目,53,34,41,75
菊川二丁目,45,28,39,67
菊川三丁目,85,62,74,136
江東橋一丁目,129,82,146,228
江東橋二丁目,177,121,171,292
江東橋三丁目,118,76,94,170
江東橋四丁目,332,201,334,535
江東橋五丁目,79,55,84,139
横網一丁目,10,11,7,18
横網二丁目,40,27,29,56
亀沢一丁目,42,35,38,73
亀沢二丁目,47,33,45,78
亀沢三丁目,52,39,56,95
亀沢四丁目,87,54,98,152
石原一丁目,93,72,64,136
石原二丁目,47,38,38,76
石原三丁目,66,56,46,102
石原四丁目,82,60,81,141
本所一丁目,44,32,57,89
本所二丁目,14,12,22,34
本所三丁目,47,26,44,70
本所四丁目,46,31,53,84
東駒形一丁目,46,32,32,64
東駒形二丁目,34,27,20,47
東駒形三丁目,29,15,25,40
東駒形四丁目,29,26,34,60
吾妻橋一丁目,61,59,49,108
吾妻橋二丁目,24,16,28,44
吾妻橋三丁目,26,22,31,53
錦糸一丁目,129,76,129,205
錦糸二丁目,82,58,82,140
錦糸三丁目,63,42,63,105
錦糸四丁目,111,79,118,197
太平一丁目,170,130,150,280
太平二丁目,83,54,76,130
太平三丁目,83,55,82,137
太平四丁目,153,129,187,316
横川一丁目,31,31,35,66
横川二丁目,37,32,29,61
横川三丁目,44,38,50,88
横川四丁目,64,34,53,87
横川五丁目,57,63,114,177
業平一丁目,43,36,35,71
業平二丁目,16,20,17,37
業平三丁目,25,16,20,36
業平四丁目,46,37,53,90
業平五丁目,40,33,28,61
向島一丁目,48,44,36,80
向島二丁目,43,32,33,65
向島三丁目,89,57,75,132
向島四丁目,37,37,32,69
向島五丁目,68,63,63,126
東向島一丁目,50,42,51,93
東向島二丁目,45,38,64,102
東向島三丁目,62,46,58,104
東向島四丁目,49,39,61,100
東向島五丁目,46,39,57,96
東向島六丁目,51,42,61,103
堤通一丁目,48,55,41,96
堤通二丁目,74,89,148,237
墨田一丁目,66,50,90,140
墨田二丁目,45,46,52,98
墨田三丁目,63,51,71,122
墨田四丁目,65,56,60,116
墨田五丁目,35,25,44,69
押上一丁目,36,35,33,68
押上二丁目,51,36,46,82
押上三丁目,65,50,91,141
京島一丁目,72,70,104,174
京島二丁目,27,26,19,45
京島三丁目,42,34,49,83
文花一丁目,76,89,151,240
文花二丁目,78,48,79,127
文花三丁目,19,24,24,48
八広一丁目,41,38,50,88
八広二丁目,46,47,48,95
八広三丁目,43,42,55,97
八広四丁目,50,39,71,110
八広五丁目,42,42,50,92
八広六丁目,43,41,61,102
立花一丁目,424,379,404,783
立花二丁目,55,45,41,86
立花三丁目,94,78,101,179
立花四丁目,68,74,113,187
立花五丁目,101,114,107,221
立花六丁目,69,48,72,120
東墨田一丁目,16,14,4,18
東墨田二丁目,38,46,32,78
東墨田三丁目,33,28,18,46
立川四丁目,425865 ], [ 139.73110877746473, 35.595901240393459 ], [ 139.73111287557018, 35.595889616013778 ], [ 139.73111266161177, 35.595884297665755 ], [ 139.7311051724885, 35.59587221276567 ], [ 139.7311038801457, 35.595847063051259 ], [ 139.73110124239506, 35.595838497664175 ], [ 139.7310986049888, 35.595829661862076 ], [ 139.73109743366831, 35.595796129377277 ], [ 139.73109622544055, 35.595791621431459 ], [ 139.73109523976663, 35.595785671459737 ], [ 139.73109855560639, 35.595781708182201 ], [ 139.7311066117629, 35.595781805154324 ], [ 139.7311190842627, 35.595780373518465 ], [ 139.73112802902742, 35.595775964321909 ], [ 139.73112594937814, 35.595762441795578 ], [ 139.73111856661316, 35.595753511830914 ], [ 139.73111703395205, 35.595743775581866 ], [ 139.73111163583272, 35.595736289514683 ], [ 139.73110667147481, 35.595734843089211 ], [ 139.73109673164114, 35.595740693654783 ], [ 139.73109528492807, 35.595750156961437 ], [ 139.73109197298677, 35.595751055535985 ], [ 139.73108889254027, 35.59574348129555 ], [ 139.73108758300984, 35.595731852328612 ], [ 139.731085278866, 35.595721304178845 ], [ 139.73108429594498, 35.59571319088726 ], [ 139.73108319807895, 35.595708683034879 ], [ 139.73108210135942, 35.595703273799273 ], [ 139.73107869671489, 35.595690290978325 ], [ 139.73107087240814, 35.595681450774428 ], [ 139.73107110424863, 35.595672707544495 ], [ 139.73106912407937, 35.595667748251216 ], [ 139.73106835855512, 35.59566224915806 ], [ 139.73106449539188, 35.595662696572042 ], [ 139.73106449195217, 35.5956654007217 ], [ 139.73106448908572, 35.595667654179756 ], [ 139.73106448679258, 35.595669456946197 ], [ 139.7310643704707, 35.595674144045283 ], [ 139.73106579941441, 35.595678652178798 ], [ 139.73106545503509, 35.595689107943187 ], [ 139.73106324107522, 35.595694424231191 ], [ 139.73105981648283, 35.595697125477656 ], [ 139.73104668401521, 35.595696843917317 ], [ 139.73103773994299, 35.595700712277981 ], [ 139.73103343132442, 35.595704314157516 ], [ 139.73103353606427, 35.595708731028942 ], [ 139.73102591366938, 35.595714673694211 ], [ 139.73102071758294, 35.595721880356656 ], [ 139.73101353834576, 35.595726471321072 ], [ 139.73101353341306, 35.595730347268869 ], [ 139.7310158487895, 35.595732061864538 ], [ 139.73101805346209, 35.59573404678143 ], [ 139.73101583961255, 35.595739272930203 ], [ 139.73101417916786, 35.595743237610911 ], [ 139.73101604438727, 35.595751802344168 ], [ 139.73101569828049, 35.595763610183077 ], [ 139.73101580141346, 35.595769288990944 ], [ 139.73101810669664, 35.595778935758752 ], [ 139.73101688585535, 35.595784343027354 ], [ 139.73101577193245, 35.595792454539236 ], [ 139.73101388801371, 35.595798582352188 ], [ 139.73101123685231, 35.595800563146526 ], [ 139.7310086985745, 35.595800560991457 ], [ 139.73100219755094, 35.595792533152533 ], [ 139.73099413703355, 35.595795861429593 ], [ 139.73099259876452, 35.595790541956731 ], [ 139.73099491850218, 35.59578883129663 ], [ 139.73099933289768, 35.595788835045035 ], [ 139.73100275772546, 35.595785953523702 ], [ 139.73100498155813, 35.595772885341354 ], [ 139.73100477437589, 35.595762248832159 ], [ 139.73099817286288, 35.595746469003693 ], [ 139.73099696601821, 35.595740879397013 ], [ 139.73099929252342, 35.595733850575883 ], [ 139.73100040082542, 35.5957301558418 ], [ 139.7309976473374, 35.595725826859692 ], [ 139.73099146845067, 35.595724830090262 ], [ 139.73098926251686, 35.595723836694411 ], [ 139.73098937861371, 35.595719329872082 ], [ 139.73099809680784, 35.595719517552055 ], [ 139.73100505142506, 35.595717991104088 ], [ 139.73100891608269, 35.595716371893836 ], [ 139.73101035913433, 35.595709793014478 ], [ 139.73099700823991, 35.595707708494899 ], [ 139.73098982980585, 35.595711668489663 ], [ 139.73098717130313, 35.595719418136035 ], [ 139.73098385936188, 35.595720316707627 ], [ 139.73097546754204, 35.595723824978968 ], [ 139.73096707778728, 35.595725710759943 ], [ 139.73096012890738, 35.595722730289694 ], [ 139.73095815276093, 35.595714616153408 ], [ 139.7309528607712, 35.595710465290722 ], [ 139.7309482308259, 35.595706405128666 ], [ 139.73094304116145, 35.595708564041786 ], [ 139.73093906614309, 35.595710183156157 ], [ 139.73093531597706, 35.595708557478368 ], [ 139.73093211542869, 35.595708644897421 ], [ 139.73092759194074, 35.595707649531249 ], [ 139.73092306833811, 35.595706744303243 ], [ 139.73091645031116, 35.59570394438844 ], [ 139.730910821848, 35.595704029743651 ], [ 139.73090408749039, 35.595705916927074 ], [ 139.73089879033611, 35.595705822286469 ], [ 139.73089647530747, 35.595703837273575 ], [ 139.73089339189514, 35.595698606624467 ], [ 139.73089074728063, 35.595695449531881 ], [ 139.73088236281049, 35.595693188944203 ], [ 139.73087684712004, 35.595691381486901 ], [ 139.73087342711639, 35.59569047719522 ], [ 139.73087121992137, 35.59569047531874 ], [ 139.73086359981389, 35.595694615207314 ], [ 139.73085575795204, 35.595699566152632 ], [ 139.73085144714236, 35.595704880653741 ], [ 139.73084912602528, 35.595707672970953 ], [ 139.73084239189578, 35.595709379874286 ], [ 139.73083599332691, 35.595707571664299 ], [ 139.73082131892465, 35.595704855030732 ], [ 139.73081281892345, 35.595706650568779 ], [ 139.73080453987131, 35.595708266017361 ], [ 139.73079747121278, 35.595712676786142 ], [ 139.73079272424761, 35.595713844546822 ], [ 139.73078621531974, 35.595712036240307 ], [ 139.73078302523362, 35.595703921068214 ], [ 139.73078060364233, 35.595698961394625 ], [ 139.7307784009312, 35.595695444121922 ], [ 139.73077211663414, 35.595690571299549 ], [ 139.73076417211192, 35.595689482877496 ], [ 139.7307578882762, 35.595684249501097 ], [ 139.73074740571079, 35.595682978640895 ], [ 139.73073891468195, 35.595677743384705 ], [ 139.73073604647911, 35.595676839558855 ], [ 139.7307308558907, 35.595679719569411 ], [ 139.7307266636011, 35.595678634339244 ], [ 139.73072324359973, 35.595677730043306 ], [ 139.73072015352716, 35.595677727412365 ], [ 139.73071562992854, 35.595676822176564 ], [ 139.73071342273388, 35.595676820297193 ], [ 139.73071132118179, 35.595680514182909 ], [ 139.73071131680976, 35.595683939439091 ], [ 139.7307098791417, 35.595686281813791 ], [ 139.73070347183295, 35.59569132410914 ], [ 139.73069806432014, 35.595691229365734 ], [ 139.73069409125398, 35.595691316120572 ], [ 139.7306859258982, 35.595690317643708 ], [ 139.73068139988243, 35.595691305311348 ], [ 139.73067786480252, 35.595694096591266 ], [ 139.73067355363614, 35.595699681500967 ], [ 139.73066570738817, 35.595708057690054 ], [ 139.73066040747142, 35.595710126358654 ], [ 139.73065609952613, 35.595713187394757 ], [ 139.73066160991809, 35.595719141224862 ], [ 139.73066457697084, 35.595729058978492 ], [ 139.73066115052185, 35.595733202426715 ], [ 139.73065066461308, 35.595734545569378 ], [ 139.73064193939518, 35.595739856301769 ], [ 139.7306406109326, 35.595743100152845 ], [ 139.73064590428982, 35.595746169369349 ], [ 139.73065330461469, 35.595741308199983 ], [ 139.73065661897789, 35.595738516732773 ], [ 139.73065849705168, 35.595736985979698 ], [ 139.73067140880477, 35.59573726739432 ], [ 139.73067593367233, 35.595737181110259 ], [ 139.73067813971772, 35.595738084373522 ], [ 139.73067813661029, 35.595740518108151 ], [ 139.73067316374278, 35.595745741900501 ], [ 139.73066653985109, 35.595747539026313 ], [ 139.7306593639297, 35.595749515958289 ], [ 139.7306538478951, 35.595747978905763 ], [ 139.73064888285396, 35.595747073291371 ], [ 139.73064722400275, 35.595749776030509 ], [ 139.73064291340685, 35.59575491024745 ], [ 139.73064157907234, 35.595762751152833 ], [ 139.73063892859378, 35.595764191109055 ], [ 139.73063396930883, 35.595758778578066 ], [ 139.73063264637238, 35.595757695789722 ], [ 139.73062580751656, 35.595754985809222 ], [ 139.73061432974771, 35.595755246442423 ], [ 139.73060472245265, 35.595759925451368 ], [ 139.73059821479228, 35.595757125613197 ], [ 139.73058861498345, 35.595755945630103 ], [ 139.73057007418453, 35.595756200237496 ], [ 139.73056146761479, 35.595755021099137 ], [ 139.73055175341375, 35.595756995860178 ], [ 139.73054237294241, 35.595756897721472 ], [ 139.73053652375555, 35.595756982870945 ], [ 139.73053023105464, 35.595758690133323 ], [ 139.73052504241303, 35.595760037783535 ], [ 139.73052007080236, 35.595764270048015 ] ] ] } },
{ "type": "Feature", "properties": { "SAFIELD000": 23346, "SAFIELD001": 60281, "SAFIELD002": 1, "SAFIELD003": 9.0 }, "geometry": { "type": "Polygon", "coordinates": [ [ [ 139.73128690294652, 35.596071843091373 ], [ 139.73128855594811, 35.596073737397688 ], [ 139.73130356357348, 35.59607483176493 ], [ 139.73131789908695, 35.596083767603339 ], [ 139.73132507216295, 35.59608404409019 ], [ 139.73133103413474, 35.596082066091256 ], [ 139.73133732672969, 35.59608044892547 ], [ 139.73134417375576, 35.596076759045054 ], [ 139.73134627871951, 35.596070360999022 ], [ 139.73134142812742, 35.596066210527141 ], [ 139.73132444110908, 35.596059525907584 ], [ 139.73132388987963, 35.596059074748958 ], [ 139.73131285328176, 35.596059516098869 ], [ 139.73130390838116, 35.596064015447219 ], [ 139.73129286697761, 35.596068242604609 ], [ 139.73128690294652, 35.596071843091373 ] ] ] } },
{ "type": "Feature", "properties": { "SAFIELD000": 23347, "SAFIELD001": 60223, "SAFIELD002": 1, "SAFIELD003": 59.0 }, "geometry": { "type": "Polygon", "coordinates": [ [ [ 139.73080666975099, 35.596115062497972 ], [ 139.73080677677785, 35.596117676602972 ], [ 139.73080677390416, 35.596119930060844 ], [ 139.7308067706856, 35.596122453933646 ], [ 139.73081459845423, 35.596128590004632 ], [ 139.73081923129041, 35.596130396713711 ], [ 139.73082684626988, 35.596130313052448 ], [ 139.73083358066486, 35.596128425873538 ], [ 139.73084097469362, 35.59612852230029 ], [ 139.73085167987767, 35.596128351127014 ], [ 139.73086702536614, 35.59612412766959 ], [ 139.73087298608854, 35.596123141214811 ], [ 139.73088181836212, 35.596120444571007 ], [ 139.73089065063513, 35.596117747926563 ], [ 139.73089937277692, 35.596114870911045 ], [ 139.7309109692244, 35.596108120385921 ], [ 139.73091318860273, 35.596098567600293 ], [ 139.7309115402027, 35.59609306775625 ], [ 139.73091165779729, 35.596087389136173 ], [ 139.73091773174727, 35.596084149315075 ], [ 139.73092159883547, 35.596080637203137 ], [ 139.73091907053833, 35.596072793012723 ], [ 139.73091168570099, 35.596065485525521 ], [ 139.73091168857175, 35.596063232067635 ], [ 139.73091169144249, 35.596060978609742 ], [ 139.73091279734169, 35.59605917678131 ], [ 139.73091379288056, 35.596057374859086 ], [ 139.7309222919981, 35.596056300420607 ], [ 139.73092616149583, 35.59605089540387 ], [ 139.73092605917256, 35.596044585627979 ], [ 139.73092154576983, 35.596035658089804 ], [ 139.73091051893371, 35.596028437646019 ], [ 139.73090610441022, 35.596028524032647 ], [ 139.73090179806496, 35.59603032314093 ], [ 139.73089914941971, 35.596030320889746 ], [ 139.73089231937527, 35.5960206702741 ], [ 139.73089077950078, 35.596016612736562 ], [ 139.73088802577919, 35.596012464028782 ], [ 139.73087743257898, 35.5960113733627 ], [ 139.73087302058357, 35.596009476705163 ], [ 139.73087147714918, 35.596008213455185 ], [ 139.7308676139682, 35.596008660862807 ], [ 139.73086419153861, 35.596009649475533 ], [ 139.73086208998473, 35.596013343363659 ], [ 139.73086451067141, 35.59601902414191 ], [ 139.73086759432385, 35.596024074514887 ], [ 139.73087200654965, 35.596025790895979 ], [ 139.73087575615486, 35.596027867267246 ], [ 139.73087794417626, 35.596042922242432 ], [ 139.7308797063792, 35.59604571803132 ], [ 139.73088687497074, 35.59604950993856 ], [ 139.73088962880843, 35.596053568508026 ], [ 139.73087880086851, 35.596063474528968 ], [ 139.73087680553883, 35.596070413490494 ], [ 139.73087194302406, 35.596075637384565 ], [ 139.7308631074234, 35.596080948038804 ], [ 139.730855297, 35.595452613982978 ] ] ] } },
{ "type": "Feature", "properties": { "SAFIELD000": 21720, "SAFIELD001": 61028, "SAFIELD002": 1, "SAFIELD003": 2.0 },, [ 139.73502052799938, 35.588923089984299 ], [ 139.73501567786795, 35.588918759378892 ], [ 139.73501038280855, 35.588917312843094 ], [ 139.73500983160724, 35.588916�臨k渦OｵaｯRﾎZiｼX!Aﾆﾈ�Yp�g�c[ｯ甁�n/臚�津��{ｯ;ｳ;;;ｻ3;[gwﾟ�ﾞﾔ椢%ﾙ癒dYbHdQbﾅ�m$F ﾙJ,ﾉ�@�K
DIﾙA^ﾎ�.9ewﾟ�ﾊ      �?堙� �199, 35.600055786698064 ], [ 139.72950295864541, 35.600063629962115 ], [ 139.72950835958198, 35.600069042916417 ], [ 139.72951299447817, 35.60006940746284 ], [ 139.72951708162, 35.600066616694882 ], [ 139.72952249745748, 35.600060491952341 ], [ 139.72951809004502, 35.600054899577835 ], [ 139.72951257536695, 35.600052100538186 ], [ 139.72951213460252, 35.60005155932835 ], [ 139.72950507061338, 35.600052003934302 ], [ 139.7295015340199, 35.600055786698064 ] ] ] } },
{ "type": "Feature", "properties": { "SAFIELD000": 25385, "SAFIELD001": 59338, "SAFIELD002": 1, "SAFIELD003": 1.0 }, "geometry": { "type": "Polygon", "coordinates": [ [ [ 139.72947869205456, 35.596806548960764 ], [ 139.72948398532077, 35.596809708366109 ], [ 139.72949005728708, 35.596808091106944 ], [ 139.72949248954296, 35.596804758081838 ], [ 139.72948918149893, 35.596802591909871 ], [ 139.7294887407524, 35.596802050699687 ], [ 139.72948057343601, 35.59680249435398 ], [ 139.72947869205456, 35.596806548960764 ] ] ] } },
{ "type": "Feature", "properties": { "SAFIELD000": 25386, "SAFIELD001": 59307, "SAFIELD002": 1, "SAFIELD003": 7.0 }, "geometry": { "type": "Polygon", "coordinates": [ [ [ 139.72881387442823, 35.596806965748122 ], [ 139.72881629569693, 35.596812105736774 ], [ 139.72882324365369, 35.596815807436499 ], [ 139.72882765084074, 35.596821399839051 ], [ 139.72883437690462, 35.596826002729721 ], [ 139.72884077422844, 35.596828802566996 ], [ 139.72884662279199, 35.59682925832977 ], [ 139.72885137535684, 35.5968238