町丁目,世帯数[世帯],男[人],女[人],合計[人]
両国一丁目,131,82,88,170
両国二丁目,142,92,99,191
両国三丁目,66,47,52,99
両国四丁目,146,97,87,184
千歳一丁目,34,19,28,47
千歳二丁目,37,26,24,50
千歳三丁目,50,40,47,87
緑一丁目,118,65,92,157
緑二丁目,88,57,80,137
緑三丁目,123,93,104,197
緑四丁目,292,162,250,412
立川一丁目,37,19,25,44
立川二丁目,36,29,18,47
立川三丁目,28,23,22,45
立川四丁目,55,37,44,81
菊川一丁目,45,28,37,65
菊川二丁目,53,34,45,79
菊川三丁目,100,75,73,148
江東橋一丁目,125,83,143,226
江東橋二丁目,177,121,177,298
江東橋三丁目,119,78,97,175
江東橋四丁目,332,206,348,554
江東橋五丁目,70,47,76,123
横網一丁目,12,13,7,20
横網二丁目,50,33,33,66
亀沢一丁目,48,38,42,80
亀沢二丁目,63,38,57,95
亀沢三丁目,51,43,52,95
亀沢四丁目,94,61,103,164
石原一丁目,92,67,70,137
石原二丁目,57,43,43,86
石原三丁目,65,58,41,99
石原四丁目,75,56,72,128
本所一丁目,49,35,58,93
本所二丁目,18,17,22,39
本所三丁目,65,28,57,85
本所四丁目,47,29,54,83
東駒形一丁目,43,28,32,60
東駒形二丁目,30,27,17,44
東駒形三丁目,31,19,25,44
東駒形四丁目,31,29,35,64
吾妻橋一丁目,72,67,56,123
吾妻橋二丁目,26,16,29,45
吾妻橋三丁目,24,18,32,50
錦糸一丁目,136,85,141,226
錦糸二丁目,86,62,84,146
錦糸三丁目,76,45,80,125
錦糸四丁目,111,79,120,199
太平一丁目,195,147,173,320
太平二丁目,100,66,92,158
太平三丁目,88,61,84,145
太平四丁目,167,134,196,330
横川一丁目,30,35,35,70
横川二丁目,37,31,26,57
横川三丁目,40,39,41,80
横川四丁目,72,39,59,98
横川五丁目,50,64,110,174
業平一丁目,45,42,37,79
業平二丁目,23,26,17,43
業平三丁目,18,13,16,29
業平四丁目,47,36,58,94
業平五丁目,55,42,34,76
向島一丁目,51,43,37,80
向島二丁目,44,33,35,68
向島三丁目,90,51,80,131
向島四丁目,37,39,32,71
向島五丁目,68,67,62,129
東向島一丁目,47,36,50,86
東向島二丁目,48,45,67,112
東向島三丁目,69,45,68,113
東向島四丁目,54,37,68,105
東向島五丁目,42,37,53,90
東向島六丁目,50,43,59,102
堤通一丁目,37,41,39,80
堤通二丁目,70,93,152,245
墨田一丁目,68,52,94,146
墨田二丁目,42,45,52,97
墨田三丁目,69,48,73,121
墨田四丁目,55,47,55,102
墨田五丁目,34,25,42,67
押上一丁目,41,41,32,73
押上二丁目,53,38,45,83
押上三丁目,68,58,84,142
京島一丁目,69,68,104,172
京島二丁目,19,17,15,32
京島三丁目,47,37,54,91
文花一丁目,72,88,155,243
文花二丁目,67,41,69,110
文花三丁目,22,26,25,51
八広一丁目,39,40,45,85
八広二丁目,47,51,50,101
八広三丁目,40,44,51,95
八広四丁目,47,38,73,111
八広五丁目,40,37,47,84
八広六丁目,48,44,66,110
立花一丁目,417,377,391,768
立花二丁目,70,54,48,102
立花三丁目,100,72,117,189
立花四丁目,61,66,102,168
立花五丁目,99,112,101,213
立花六丁目,63,45,69,114
東墨田一丁目,15,14,3,17
東墨田二丁目,40,46,33,79
東墨田三丁目,21,15,21,36
墨田二丁目,42FIELD000": 27641, "SAFIELD001": 52006, "SAFIELD002": 1, "SAFIELD003": 5.0 }, "geometry": { "type": "Polygon", "coordinates": [ [ [ 139.72820305798132, 35.601591339364525 ], [ 139.72820625393328, 35.601594947685669 ], [ 139.72821508218243, 35.601595856769933 ], [ 139.72822468819282, 35.601592800445502 ], [ 139.72822756152846, 35.601589918525093 ], [ 139.72822701369662, 35.601586853344131 ], [ 139.72823220770292, 35.601581719989419 ], [ 139.72823364743468, 35.601577935435273 ], [ 139.72822990035021, 35.601573785804199 ], [ 139.72822151180654, 35.601574229179448 ], [ 139.72821555017609, 35.601575576054366 ], [ 139.72821058433138, 35.601575030892718 ], [ 139.72820727282519, 35.601575388557315 ], [ 139.72820340747575, 35.60157727809024 ], [ 139.72820428263762, 35.601583227983355 ], [ 139.72820305798132, 35.601591339364525 ] ] ] } },
{ "type": "Feature", "properties": { "SAFIELD000": 27642, "SAFIELD001": 52005, "SAFIELD002": 10, "SAFIELD003": 4.0 }, "geometry": { "type": "Polygon", "coordinates": [ [ [ 139.72780926918628, 35.601588200901098 ], [ 139.72781312685419, 35.601592170365393 ], [ 139.72782007565047, 35.601595511567751 ], [ 139.72782471453124, 35.601592901617757 ], [ 139.72782659610866, 35.601588847040354 ], [ 139.72782218825753, 35.601583615158205 ], [ 139.72782307451308, 35.601581092060968 ], [ 139.72782749526013, 35.601576498876675 ], [ 139.72782319896058, 35.601570365708938 ], [ 139.7278188982838, 35.601567567655323 ], [ 139.72781647125692, 35.601566754285329 ], [ 139.7278160304956, 35.601566213069447 ], [ 139.72781128373325, 35.601566930019764 ], [ 139.72781061596484, 35.601571165936463 ], [ 139.72781181782287, 35.601580451236593 ], [ 139.72780926918628, 35.601588200901098 ] ] ] } },
{ "type": "Feature", "properties": { "SAFIELD000": 27643, "SAFIELD001": 51998, "SAFIELD002": 1, "SAFIELD003": 8.0 }, "geometry": { "type": "Polygon", "coordinates": [ [ [ 139.72813881929574, 35.601594798701903 ], [ 139.7281428957107, 35.601600300698159 ], [ 139.72815139391764, 35.601600398254064 ], [ 139.72815647213639, 35.601599411164642 ], [ 139.72816497281991, 35.601597615816871 ], [ 139.72817943313106, 35.601596005945503 ], [ 139.72818186499703, 35.60159312364096 ], [ 139.72818297103376, 35.601591321839472 ], [ 139.72819170105842, 35.601582946591982 ], [ 139.72818839686207, 35.601577715686091 ], [ 139.72818409475724, 35.601575999304217 ], [ 139.72818343313983, 35.601575548035292 ], [ 139.72817074013275, 35.601576077789446 ], [ 139.72816643354696, 35.601577786659483 ], [ 139.72815737642674, 35.601583096916535 ], [ 139.72814688935949, 35.601584710253341 ], [ 139.72814103396627, 35.601589212058762 ], [ 139.72813881929574, 35.601594798701903 ] ] ] } },
{ "type": "Feature", "properties": { "SAFIELD000": 27644, "SAFIELD001": 51986, "SAFIELD002": 1, "SAFIELD003": 5.0 }, "geometry": { "type": "Polygon", "coordinates": [ [ [ 139.72800273443988, 35.601595671356954 ], [ 139.72800559573611, 35.601601983540746 ], [ 139.72800901253351, 35.601605501921796 ], [ 139.72801563377854, 35.601606138676786 ], [ 139.72802203794888, 35.601603980953563 ], [ 139.7280359562252, 35.601594889144543 ], [ 139.72803662398192, 35.601590653226602 ], [ 139.72803254344188, 35.601588306064606 ], [ 139.72801963347524, 35.601585951186784 ], [ 139.72801908246274, 35.601585319736962 ], [ 139.72800859692788, 35.601585761264801 ], [ 139.72800340255273, 35.601591165024537 ], [ 139.72800273443988, 35.601595671356954 ] ] ] } },
{ "type": "Feature", "properties": { "SAFIELD000": 27645, "SAFIELD001": 51975, "SAFIELD002": 1, "SAFIELD003": 5.0 }, "geometry": { "type": "Polygon", "coordinates": [ [ [ 139.72796122856633, 35.601601403925052 ], [ 139.72796695765166, 35.601609070692163 ], [ 139.72797391011844, 35.601609617600715 ], [ 139.72797954147882, 35.601607639480754 ], [ 139.72798307962992, 35.601602775104176 ], [ 139.72798374963409, 35.601596826560275 ], [ 139.72798177529921, 35.601587450448235 ], [ 139.72797725600694, 35.601583029719258 ], [ 139.72796986360711, 35.601581310628013 ], [ 139.72796942284472, 35.601580769412678 ], [ 139.72796401411216, 35.601581305513591 ], [ 139.72796169225211, 35.601584458324901 ], [ 139.72796256704171, 35.601590678634402 ], [ 139.72796122856633, 35.601601403925052 ] ] ] } },
{ "type": "Feature", "properties": { "SAFIELD000": 27646, "SAFIELD001": 51892, "SAFIELD002": 1, "SAFIELD003": 4.0 }, "geometry": { "type": "Polygon", "coordinates": [ [ [ 139.72797078260044, 35.601638008439416 ], [ 139.72797264975736, 35.601644950723042 ], [ 139.72797959785603, 35.601648832745532 ], [ 139.72798401469936, 35.601647214116902 ], [ 139.72798854675383, 35.601641899917432 ], [ 139.72799087381216, 35.60163478102379 ], [ 139.72798834456466, 35.601627748023347 ], [ 139.72798471081185, 35.601621345025585 ], [ 139.72797996428397, 35.601621881706095 ], [ 139.72797090029374, 35.601632419966037 ], [ 139.72797078260044, 35.601638008439416 ] ] ] } },
{ "type": "Feature", "properties": { "SAFIELD000": 27647, "SAFIELD001": 51885, "SAFIELD002": 1, "SAFIELD003": 93.0 }, "geometry": { "type": "Polygon", "coordinates": [ [ [ 139.72836698671705, 35.601566604081917 ], [ 139.72836730581443, 35.601575798469355 ], [ 139.72837137730056, 35.601585086263405 ], [ 139.72837313129821, 35.601594191762224 ], [ 139.7283724503767, 35.6016085231633 ], [ 139.72837519945139, 35.601616277453807 ], [ 139.72837740233652, 35.601619704628838 ], [ 139.72838688926711, 35.601623318424018 ], [ 139.72839340273771, 35.601621972021192 ], [ 139.72840036156271, 35.601617651440982 ], [ 139.72840455848379, 35.601615401637147 ], [ 139.72841084486416, 35.601618922505338 ], [ 139.7284125975728, 35.601629019524012 ], [ 139.72841909821972, 35.601637498186328 ], [ 139.72842108037148, 35.601640925168383 ], [ 139.72842394546674, 35.601644352919045 ], [ 139.72843718797006, 35.601645626383075 ], [ 139.72844446637171, 35.601650139634579 ], [ 139.72844931879675, 35.601653028284375 ], [ 139.7284747044788, 35.60165223913075 ], [ 139.72847856947277, 35.601650620003824 ], [ 139.72848530367989, 35.601649273788091 ], [ 139.72849104528089, 35.601647385878472 ], [ 139.7284969015993, 35.601642162950263 ], [ 139.72849879207854, 35.601631257857221 ], [ 139.72849846990937, 35.601624407064065 ], [ 139.72849308269187, 35.601608447893447 ], [ 139.72849177191523, 35.601597990707063 ], [ 139.72848814106288, 35.601589334268745 ], [ 139.72848605065801, 35.601584284703669 ], [ 139.72848661413687, 35.601575361499407 ], [ 139.72848629067565, 35.601569502226], [ 139.73224130578831, 35.599314294354421 ], [ 139.73224406490661, 35.599314296668865g       z(uﾊ@ �9648819, 35.599096438732147 ], [ 139.73269021547097, 35.599093380390585 ], [ 139.73269684072199, 35.599090681772168 ], [ 139.73270236176415, 35.59908843292321 ], [ 139.73270920898432, 35.599084742967399 ], [ 139.73271705704238, 35.599075014576037 ], [ 139.73274012523322, 35.599073411342658 ], [ 139.73274873061149, 35.599075852261265 ], [ 139.73275148972164, 35.59907585456407 ], [ 139.7327530348233, 35.59907585585362 ], [ 139.732755463968, 35.599074956497248 ], [ 139.73275800787516, 35.599070541840177 ], [ 139.73275646739731, 35.599066844881399 ], [ 139.73275481689356, 35.599062877415655 ], [ 139.73275670064402, 35.599056839716987 ], [ 139.73275516727136, 35.599047464046784 ], [ 139.73274545915459, 35.599044301101273 ], [ 139.73274479753235, 35.599043849857189 ], [ 139.73274325186736, 35.599044299258914 ], [ 139.7327380646295, 35.599044385067515 ], [ 139.73273221125746, 35.599047625162775 ], [ 139.7327259122535, 35.599054200005426 ], [ 139.73272083425124, 35.599055187288172 ], [ 139.7327125571486, 35.599055000100897 ], [ 139.73270460854397, 35.599056886369873 ], [ 139.73269257758525, 35.599057867845531 ], [ 139.7326732457598, 35.599072273839219 ], [ 139.73266650427558, 35.599079659554469 ], [ 139.73265491014229, 35.59908433706439 ], [ 139.732642552263, 35.599081983142263 ], [ 139.73263802720911, 35.599082069499808 ], [ 139.7326287465487, 35.599090084059881 ], [ 139.73261417234616, 35.599094939352355 ], [ 139.73260301684169, 35.599101870683086 ], [ 139.73258425375704, 35.599102756382372 ], [ 139.73257365639802, 35.599104640428301 ], [ 139.73255985361075, 35.599110397742848 ], [ 139.73254991572475, 35.599114445658998 ], [ 139.73254130277638, 35.599118043990607 ], [ 139.73252198775191, 35.599119019356955 ], [ 139.73251105782626, 35.599122074917965 ], [ 139.73249813342477, 35.599131438495029 ], [ 139.73248709573281, 35.599132420781217 ], [ 139.73248256965817, 35.599133318377383 ], [ 139.73247274608821, 35.599134211539919 ], [ 139.73246810919645, 35.59913546959627 ], [ 139.73244457995406, 35.599152666329317 ], [ 139.73243375800956, 35.599157614879431 ], [ 139.73241974420523, 35.59915562010152 ], [ 139.73240936971456, 35.59915579169062 ], [ 139.7323931324359, 35.599166684834195 ], [ 139.73238451970133, 35.599170102877991 ], [ 139.73237149510146, 35.599171353904332 ], [ 139.73236000869829, 35.599178104658506 ], [ 139.73234875015592, 35.599179176885343 ], [ 139.73234676359408, 35.599179175220684 ], [ 139.73233815968922, 35.599175562475864 ], [ 139.73233187004286, 35.599174655821052 ], [ 139.73232082894506, 35.599178342240187 ], [ 139.73231486937289, 35.599178247106465 ], [ 139.73230957187474, 35.599178242665822 ], [ 139.73230150948541, 35.599182832963798 ], [ 139.73229719858384, 35.599188147513395 ], [ 139.73229487752934, 35.599190849718489 ], [ 139.73229001287797, 35.599197696155812 ], [ 139.73228614637898, 35.599200667480048 ], [ 139.73227433600962, 35.59920173923723 ], [ 139.73226627610907, 35.599204346490829 ], [ 139.73225600982303, 35.599206230786443 ], [ 139.73224750732965, 35.599209739051247 ], [ 139.73224198626647, 35.599211987879286 ], [ 139.73223646520296, 35.599214236707063 ], [ 139.73223403593491, 35.599215226191212 ], [ 139.73221019185308, 35.599219442689233 ], [ 139.73220047455186, 35.599223580899924 ], [ 139.73218800085624, 35.599225553475655 ], [ 139.73217640451904, 35.599231943566515 ], [ 139.73216514074861, 35.59923716213666 ], [ 139.73215200213934, 35.599241297471288 ], [ 139.73214350417621, 35.599241200197859 ], [ 139.73213710643174, 35.599238490674786 ], [ 139.73213478990928, 35.599237587345911 ], [ 139.73213203226879, 35.599236413231438 ], [ 139.73212827714806, 35.599238573398821 ], [ 139.73213048001503, 35.599242090645028 ], [ 139.7321315801436, 35.599244885858226 ], [ 139.73212462376705, 35.599247584167394 ], [ 139.73211932637784, 35.599247489580101 ], [ 139.7321162429775, 35.599242078688462 ], [ 139.73211260332806, 35.599240182725822 ], [ 139.73210620206606, 35.599240267487531 ], [ 139.73210311344556, 35.599239002956026 ], [ 139.73210168846717, 35.599231249859514 ], [ 139.7320983821827, 35.599227551409143 ], [ 139.73209849697429, 35.599224036109256 ], [ 139.73209849822294, 35.599223044588271 ], [ 139.7320951938687, 35.599217813787185 ], [ 139.7320940960121, 35.599213215808206 ], [ 139.73208968710455, 35.599208705186001 ], [ 139.73208748548907, 35.599204196418036 ], [ 139.73208517350926, 35.599199687557316 ], [ 139.7320774709234, 35.599181473135616 ], [ 139.73207537831144, 35.59917804611942 ], [ 139.73207416782117, 35.599175250812934 ], [ 139.7320741721357, 35.599171825558585 ], [ 139.73207131480686, 35.599162178352387 ], [ 139.7320652497543, 35.599158207167875 ], [ 139.73205432139594, 35.599160000751603 ], [ 139.73205078587009, 35.59916306248482 ], [ 139.73205331903023, 35.599167210978642 ], [ 139.73205574205321, 35.599171179103109 ], [ 139.73205550985452, 35.599180282883104 ], [ 139.73205550565277, 35.599183617999174 ], [ 139.73205825942935, 35.599187856816641 ], [ 139.73206542279257, 35.599196065427684 ], [ 139.73207313446039, 35.599207068788367 ], [ 139.73207533516683, 35.599212298662756 ], [ 139.73207753576003, 35.599217618675375 ], [ 139.73207862952844, 35.59922546163228 ], [ 139.73207851337358, 35.599230058591395 ], [ 139.73206438465888, 35.599231669210312 ], [ 139.73205554924365, 35.599236619395661 ], [ 139.73204903511873, 35.599238687103551 ], [ 139.73203909707766, 35.599242825115695 ], [ 139.7320316995804, 35.599245252633615 ], [ 139.73202628751028, 35.599248583203767 ], [ 139.73202296782407, 35.599255521067313 ], [ 139.73202472854666, 35.599259578773946 ], [ 139.73203443404844, 35.599264814957635 ], [ 139.73203442939149, 35.599268510626736 ], [ 139.73202228518846, 35.599271745399385 ], [ 139.73200870431228, 35.599276511315111 ], [ 139.73200461434291, 35.59928164576317 ], [ 139.73200008370964, 35.59928614887199 ] ], [ [ 139.73259519870749, 35.599175777610419 ], [ 139.73259188460835, 35.599178298714406 ], [ 139.73259188155848, 35.599180732447792 ], [ 139.73259187884744, 35.599182895766369 ], [ 139.73258900609318, 35.59918550737757 ], [ 139.73258227024021, 35.599188386174262 ], [ 139.73257840906226, 35.599187121009059 ], [ 139.73257311902017, 35.599181167453935 ], [ 139.73256992138582, 35.599178821182825 ], [ 139.73256871008743, 35.599176656849203 ], [ 139.73256760983159, 35.599173951778198 ], [ 139.73256342230658, 35.599168900528177 ], [ 139.73256210629364, 35.599162229188508 ], [ 139.73255869358113, 35.599155375818818 ], [ 139.73256102411719, 35.599145101993606 ], [ 139.7325605940716, 35.599135997658777 ], [ 139.7325621424512, 35.599133384940821 ], [ 139.73256656267995, 35.599128881718414 ], [ 139.73257164645082, 35.5991232973902 ], [ 139.73258279281043, 35.599123667262639 ], [ 139.73258422890419, 35.599122586802778 ], [ 139.73258688058854, 35.599120245421958 ], [ 139.73259991105024, 35.599114307182035 ], [ 139.73260477465368, 35.599108271976533 ], [ 139.73260797590041, 35.59910773382196 ], [ 139.73261282662818, 35.59911197437944 ], [ 139.73262242867455, 35.599111711988954 ], [ 139.73262507505009, 35.599113607106204 ], [ 139.7326287113184, 35.599118207201634 ], [ 139.7326404012579, 35.5991251