町丁目,世帯数[世帯],男[人],女[人],合計[人]
両国一丁目,120,77,82,159
両国二丁目,133,85,101,186
両国三丁目,58,49,41,90
両国四丁目,156,109,83,192
千歳一丁目,42,24,31,55
千歳二丁目,40,26,26,52
千歳三丁目,45,36,48,84
緑一丁目,125,76,83,159
緑二丁目,83,62,70,132
緑三丁目,116,92,100,192
緑四丁目,245,151,215,366
立川一丁目,34,19,24,43
立川二丁目,43,34,20,54
立川三丁目,22,20,21,41
立川四丁目,51,34,41,75
菊川一丁目,40,25,36,61
菊川二丁目,47,31,40,71
菊川三丁目,110,86,75,161
江東橋一丁目,123,79,138,217
江東橋二丁目,174,123,181,304
江東橋三丁目,115,76,96,172
江東橋四丁目,338,211,359,570
江東橋五丁目,60,41,74,115
横網一丁目,12,13,9,22
横網二丁目,46,32,28,60
亀沢一丁目,50,39,42,81
亀沢二丁目,62,38,60,98
亀沢三丁目,55,48,50,98
亀沢四丁目,97,64,100,164
石原一丁目,81,61,65,126
石原二丁目,61,45,42,87
石原三丁目,63,54,41,95
石原四丁目,72,54,72,126
本所一丁目,52,39,57,96
本所二丁目,19,16,25,41
本所三丁目,69,30,59,89
本所四丁目,45,29,50,79
東駒形一丁目,42,31,29,60
東駒形二丁目,29,28,18,46
東駒形三丁目,33,21,24,45
東駒形四丁目,29,30,34,64
吾妻橋一丁目,70,63,57,120
吾妻橋二丁目,27,15,33,48
吾妻橋三丁目,21,16,29,45
錦糸一丁目,140,89,143,232
錦糸二丁目,94,75,87,162
錦糸三丁目,78,46,89,135
錦糸四丁目,108,78,120,198
太平一丁目,165,125,156,281
太平二丁目,94,60,95,155
太平三丁目,89,60,87,147
太平四丁目,170,138,202,340
横川一丁目,30,35,34,69
横川二丁目,39,31,33,64
横川三丁目,45,40,46,86
横川四丁目,72,39,62,101
横川五丁目,55,67,114,181
業平一丁目,47,43,38,81
業平二丁目,21,25,17,42
業平三丁目,18,15,19,34
業平四丁目,44,36,55,91
業平五丁目,54,39,36,75
向島一丁目,48,41,38,79
向島二丁目,41,28,37,65
向島三丁目,91,45,84,129
向島四丁目,37,38,35,73
向島五丁目,65,62,58,120
東向島一丁目,45,37,40,77
東向島二丁目,47,44,64,108
東向島三丁目,56,36,61,97
東向島四丁目,54,34,66,100
東向島五丁目,38,36,50,86
東向島六丁目,47,42,57,99
堤通一丁目,34,42,37,79
堤通二丁目,70,94,150,244
墨田一丁目,56,48,83,131
墨田二丁目,35,42,49,91
墨田三丁目,64,41,74,115
墨田四丁目,57,48,61,109
墨田五丁目,37,23,44,67
押上一丁目,39,35,33,68
押上二丁目,54,41,45,86
押上三丁目,68,63,86,149
京島一丁目,68,69,104,173
京島二丁目,19,18,15,33
京島三丁目,42,36,53,89
文花一丁目,75,90,156,246
文花二丁目,58,37,62,99
文花三丁目,20,21,27,48
八広一丁目,34,34,44,78
八広二丁目,41,45,51,96
八広三丁目,38,40,53,93
八広四丁目,44,38,67,105
八広五丁目,49,48,47,95
八広六丁目,41,40,58,98
立花一丁目,398,351,381,732
立花二丁目,64,48,42,90
立花三丁目,99,66,116,182
立花四丁目,67,64,113,177
立花五丁目,107,114,111,225
立花六丁目,68,47,72,119
東墨田一丁目,18,18,3,21
東墨田二丁目,38,46,30,76
東墨田三丁目,24,18,20,38
立花一丁目,39139.74411938212683, 35.609403568530361 ], [ 139.74412248243488, 35.609394827417901 ], [ 139.74412458513211, 35.609389871372244 ], [ 139.74412194795372, 35.609379142971079 ], [ 139.74411742683472, 35.609375173541892 ], [ 139.74410837999423, 35.60937138103796 ], [ 139.7440976744731, 35.609370291451761 ], [ 139.74408752434886, 35.609366047438087 ], [ 139.74407847540832, 35.60936414783307 ], [ 139.74407726124403, 35.609364146933721 ], [ 139.74407141228122, 35.609363151080672 ], [ 139.74405993260962, 35.609363412991037 ], [ 139.74405739510422, 35.609362329452367 ], [ 139.74405375431394, 35.609360794405085 ], [ 139.74404459449548, 35.609359345406496 ], [ 139.74404305189984, 35.609356910531361 ], [ 139.74404195332244, 35.609352222529587 ], [ 139.7440396414826, 35.609346722384714 ], [ 139.74404068206459, 35.60930426805151 ], [ 139.74403705319671, 35.609292006563628 ], [ 139.74403208516381, 35.609292904264215 ], [ 139.74402987659263, 35.609293804009702 ], [ 139.74402556992882, 35.609295513444202 ], [ 139.74401916086421, 35.60930190850803 ], [ 139.74401661524621, 35.609308126158787 ], [ 139.74401771592542, 35.609310921259635 ], [ 139.74401991768477, 35.609316150908683 ], [ 139.7440200227536, 35.609320928312528 ], [ 139.74401857440827, 35.609333005761258 ], [ 139.74401283121819, 35.609336156342131 ], [ 139.74400521499931, 35.609336240834573 ], [ 139.74399649659844, 35.609334882297787 ], [ 139.7439908711016, 35.6093314528744 ], [ 139.74398590877834, 35.609327212698453 ], [ 139.74398237826929, 35.609325767868995 ], [ 139.74397906841722, 35.609324413341291 ], [ 139.74397686184923, 35.609323510322774 ], [ 139.74397035142141, 35.609321792868499 ], [ 139.74396904071236, 35.609309352821292 ], [ 139.74396473725423, 35.609308177832766 ], [ 139.74396032311699, 35.609307273176668 ], [ 139.74395281908394, 35.609305735260939 ], [ 139.74394818048026, 35.609308165552264 ], [ 139.74394133179962, 35.609312847659545 ], [ 139.74393282894479, 35.609316176465782 ], [ 139.74392167158925, 35.609324370765968 ], [ 139.74391515534515, 35.609327881321484 ], [ 139.7439117275928, 35.609333287071358 ], [ 139.74391293583872, 35.609338606123288 ], [ 139.74391723538611, 35.609343296501542 ], [ 139.74392274769392, 35.609349249714683 ], [ 139.74391865726864, 35.609355015525928 ], [ 139.74391280820811, 35.609354109803327 ], [ 139.74390850545058, 35.609352303845739 ], [ 139.74389989602375, 35.609352207317983 ], [ 139.74389525811804, 35.609354006640189 ], [ 139.74388653058688, 35.609360850667159 ], [ 139.74388386564831, 35.609375090528488 ], [ 139.74387668481901, 35.609380673767717 ], [ 139.74387469047841, 35.609387432653989 ], [ 139.7438698337196, 35.609387519186456 ], [ 139.74386542449653, 35.609382197757533 ], [ 139.74386333282294, 35.609377238602129 ], [ 139.74386543403037, 35.609373634633258 ], [ 139.74387294629659, 35.609367781226084 ], [ 139.74387416367199, 35.609364897706676 ], [ 139.74387527046804, 35.60936219438161 ], [ 139.74387748385925, 35.609356968007752 ], [ 139.74387285558615, 35.609350114066622 ], [ 139.74386105541845, 35.609340821068216 ], [ 139.74385963615399, 35.609326758451218 ], [ 139.7438566615545, 35.609321708501838 ], [ 139.74385225062963, 35.609317919420945 ], [ 139.74384331769991, 35.609310972143774 ], [ 139.74384310617796, 35.609302679269909 ], [ 139.74384599017182, 35.609289971921839 ], [ 139.74385052181174, 35.609284476855329 ], [ 139.74385549757434, 35.609276638524534 ], [ 139.74385418196576, 35.609268615245469 ], [ 139.74384900130573, 35.60926221158428 ], [ 139.74384260236823, 35.609259502685383 ], [ 139.74383896098442, 35.609258508460513 ], [ 139.74383035297325, 35.609257149993674 ], [ 139.7438179950079, 35.60925317473199 ], [ 139.74381524046765, 35.609248755912589 ], [ 139.74381911244748, 35.609240916763255 ], [ 139.74381900799315, 35.609235598530283 ], [ 139.74382045114555, 35.609228208267723 ], [ 139.74382564133916, 35.609226048805688 ], [ 139.74383590552458, 35.609226957811813 ], [ 139.743843959332, 35.609230389045898 ], [ 139.74385543446871, 35.609234183372941 ], [ 139.74386934455444, 35.609232030383737 ], [ 139.74388049678518, 35.609228433134035 ], [ 139.74388535995573, 35.609222577759354 ], [ 139.7438868015968, 35.609216539568266 ], [ 139.74388493208758, 35.609210318642837 ], [ 139.74388096097513, 35.609208062239276 ], [ 139.74386584656673, 35.609201380789379 ], [ 139.74386420183043, 35.609191554501393 ], [ 139.74386002019972, 35.609180103841609 ], [ 139.74385749073193, 35.609171809246448 ], [ 139.74385451332796, 35.60916928316518 ], [ 139.74385010020333, 35.609167477123506 ], [ 139.74384579745723, 35.609165671163652 ], [ 139.7438423747262, 35.609166570004035 ], [ 139.7438307813907, 35.6091698063697 ], [ 139.74381554747794, 35.60917132740343 ], [ 139.74380759039883, 35.609180155038267 ], [ 139.74379731908903, 35.609185645838593 ], [ 139.74379267687186, 35.609191321097484 ], [ 139.74377921533616, 35.609187164735289 ], [ 139.7437729266849, 35.609184546052859 ], [ 139.74376840217832, 35.609183641307688 ], [ 139.7437600156363, 35.609181652032845 ], [ 139.74373981600201, 35.609181997568669 ], [ 139.74372822808766, 35.609180366464201 ], [ 139.74371763016092, 35.609181800794602 ], [ 139.74371100595386, 35.609183147941415 ], [ 139.74370195292079, 35.609184943972366 ], [ 139.74369024728819, 35.609189892867299 ], [ 139.74368218725667, 35.609192050188391 ], [ 139.74367191583625, 35.60919763111616 ], [ 139.74366463247506, 35.609196183484897 ], [ 139.74364984781354, 35.609190764188469 ], [ 139.743640684903, 35.609192109441906 ], [ 139.74362952904426, 35.609198951642902 ], [ 139.74361572440512, 35.609205521456076 ], [ 139.74360722225273, 35.60920821927234 ], [ 139.74358701355106, 35.609216677216232 ], [ 139.74358182455975, 35.609217755010157 ], [ 139.74357012213699, 35.609219819472507 ], [ 139.74355797296371, 35.609226570788671 ], [ 139.7435450535568, 35.609231158212232 ], [ 139.74353876390254, 35.609229440899121 ], [ 139.7435294957447, 35.609226189016105 ], [ 139.7435233159658, 35.6092249224752 ], [ 139.74351735734683, 35.609223295545931 ], [ 139.74350698198108, 35.609223107535605 ], [ 139.74350234508174, 35.609224005461215 ], [ 139.74349583074212, 35.609225803369199 ], [ 139.74348799286946, 35.609226698907754 ], [ 139.74347242659482, 35.609229301308986 ], [ 139.74346481391376, 35.609226230931988 ], [ 139.7434600698613, 35.609224244352795 ], [ 139.74344715387724, 35.6092257670687 ], [ 139.74343942638242, 35.609226662686424 ], [ 139.7434316968706, 35.609229361066674 ], [ 139.74342253425456, 35.60923043588906 ], [ 139.74341336720033, 35.609235476789387 ], [ 139.74341071690856, 35.609236556470364 ], [ 139.74340740404372, 35.609237906071492 ], [ 139.74340364603373, 35.609242500316462 ], [ 139.74340077871724, 35.609240244720873 ], [ 139.74339901609272, 35.609237178705648 ], [ 139.74339295204041, 35.609231134918438 ], [ 139.74339086100525, 35.609225634925863 ], [ 139.74338325397784, 35.60921751680722 ], [ 139.74337985232759, 35.609199576760751 ], [ 139.74337875358927, 35.609195069029177 ], [ 139.74337645602679, 35.609176859392086 ], [ 139.74337083440207, 35.609170004689943 ], [ 139.74336775188274, 35.609162791330348 ], [ 139.7433695248983, 35.609156573116366 ], [ 139.74337449494823, 35.609153872680032 ], [ 139.74338034640962, 35.609152615113103 ], [ 139.74339613332802, 35.609150103026629 ], [ 139.74340529785178, 35.609147315581325 ], [ 139.74341302997902, 35.609142273610757 ], [ 139.74342296714914, 35.609139486740673 ], [ 139.74343544150591, 35.609138053836084 ], [ 139.74344284340307, 35.609132200373161 ], [ 139.74344284552049, 35.609130307471951 ], [ 139.74343887573528, 35.609126879257822 ], [ 139.7434340224203, 35.609123901075549 ], [ 139.743426412171, 35.609118667380407 ], [ 139.74341968030916, 35.609117580698722 ], [ 139.7434126174137, 35.609116403631404 ], [ 139.74339980718398, 35.609122072779698 ], [ 139.74339351179094, 35.609125493333714 ], [ 139.74337640185192, 35.609126652358761 ], [ 139.74336779043171, 35.609128358556084 ], [ 139.74336006193616, 35.609130155550268 ], [ 139.74335012688462, 35.609131049513955 ], [ 139.7433415153624, 35.60913284584754 ], [ 139.74332606493135, 35.609130580852131 ], [ 139.74332265219149, 35.609122556000628 ], [ 139.74332100287882, 35.609116876060234 ], [ 139.74331439341259, 35.609105063014916 ], [ 139.74331263594411, 35.609097399952567 ], [ 139.74330768437508, 35.60908360510436 ], [ 139.74330991132652, 35.60906630022815 ], [ 139.74330815497007, 35.609057645645997 ], [ 139.74330066854483, 35.609040423650875 ], [ 139.74329736962318, 35.609029334183788 ], [ 139.74329406444068, 35.609023833282137 ], [ 139.74329064484053, 35.609021937824089 ], [ 139.74328733450764, 35.609021033968119 ], [ 139.74328678312219, 35.609020582864929 ], [ 139.74327739926679, 35.609022108202154 ], [ 139.74326701564348, 35.609029311499839 ], [ 139.743263037182], [ 139.72857826980083, 35.602298981526182 ], [ 139.7285976967093_､�鎤!�.ｲﾝﾑ靃B�ｾｿﾈ�'ﾗｿHｰ�Qｷ?.縄-{匈\ ﾖjﾃqﾃ.ﾂﾖ､ﾟｱr��ﾎ惞^ｻ杰"|\ｺ<ﾛ]..旱��ﾏｪﾜ
endstreamendobj360 0 obj<</CropBox[0 0 595.2 841.68]/Group<</CS/DeviceRGB/S/Transparency/Type/Group>>/MediaBox[0 0 595.2 841.68]/Parent 53163 0 R/Resources<</ProcSet[/PDF/Text/ImageB/Imag      ﾉ ﾀ�> �589659797545139 ], [ 139.76191098953802, 35.589661600314848 ], [ 139.76190988257986, 35.58966547561581 ], [ 139.76190722853784, 35.589671783740336 ], [ 139.7619103087753, 35.58968260218964 ], [ 139.76191317919771, 35.589681161674058 ], [ 139.76191649566931, 35.589674493387797 ], [ 139.76191815718687, 35.58966746356672 ], [ 139.76192147269694, 35.589661876942124 ], [ 139.7619244564315, 35.589657101367678 ], [ 139.76192402374977, 35.589647276011185 ], [ 139.76192568462579, 35.589640967297868 ], [ 139.76192095063581, 35.589628435236889 ], [ 139.76192205647232, 35.589625821874613 ], [ 139.76192559372396, 35.589619063580315 ], [ 139.76192770729051, 35.589600045601827 ], [ 139.76192727236767, 35.589592744122889 ], [ 139.76193080833684, 35.589587428044183 ], [ 139.76193092196968, 35.589583732431599 ], [ 139.76192983406187, 35.589566154772861 ], [ 139.76192564350862, 35.58956299744149 ], [ 139.76192354963285, 35.589559841352212 ], [ 139.76192542944906, 35.589555515816279 ], [ 139.76192708976279, 35.589549838072244 ], [ 139.76193305082003, 35.589547498001799 ], [ 139.7619362553325, 35.589542632419217 ], [ 139.76193868922536, 35.58953569319376 ], [ 139.76193980314235, 35.58952397584401 ], [ 139.76194190862094, 35.589514061852263 ], [ 139.76193882350412, 35.58950874185124 ], [ 139.76193540429259, 35.589506846916578 ], [ 139.76193110211031, 35.589505131735805 ], [ 139.76192658386773, 35.589498188391801 ], [ 139.76192945444333, 35.589496567598793 ], [ 139.76193806336852, 35.589494860066488 ], [ 139.76194027495663, 35.589489723479971 ], [ 139.7619397328028, 35.589478906534524 ], [ 139.76194006905826, 35.589473047728866 ], [ 139.76193764781155, 35.589465745073213 ], [ 139.76193875644611, 35.589459976863594 ], [ 139.76194218101713, 35.589455832519434 ], [ 139.76194538768581, 35.58944853319732 ], [ 139.76194550107775, 35.589445108000099 ], [ 139.76194384972959, 35.589440690233715 ], [ 139.76193612730174, 35.589438251918928 ], [ 139.76193270913367, 35.589435185183795 ], [ 139.76192785255779, 35.589436444246175 ], [ 139.76192663621273, 35.589439237820187 ], [ 139.76192552629695, 35.589446448245539 ], [ 139.76192231810572, 35.589455460198401 ], [ 139.76192153115875, 35.589471774807201 ], [ 139.76192692876833, 35.589482594629452 ], [ 139.76192438436468, 35.589489714066318 ], [ 139.76192327284716, 35.589498727261351 ], [ 139.76191840377987, 35.589514047927473 ], [ 139.76191772926421, 35.589528019000781 ], [ 139.76191783761436, 35.589530272528364 ], [ 139.76191750215753, 35.589535229949028 ], [ 139.76191782736819, 35.589541810254786 ], [ 139.76191340554684, 35.589550551072563 ], [ 139.76191196577489, 35.589556409224159 ], [ 139.76191383526481, 35.589563711553268 ], [ 139.76191206139623, 35.589572994771203 ], [ 139.76191249583727, 35.589580837081144 ], [ 139.76191105814613, 35.589584351632041 ], [ 139.7619056419575, 35.589594443938232 ], [ 139.76190519126433, 35.589604899741097 ] ] ] } },
{ "type": "Feature", "properties": { "SAFIELD000": 1677, "SAFIELD001": 64869, "SAFIELD002": 2, "SAFIELD003": 3.0 }, "geometry": { "type": "Polygon", "coordinates": [ [ [ 139.76051979762127, 35.589649410435065 ], [ 139.76052187977353, 35.589665456351696 ], [ 139.76052596261843, 35.589665639095159 ], [ 139.76052717819945, 35.589663746920287 ], [ 139.76052828987577, 35.589654733738563 ], [ 139.76053116513646, 35.589647975085406 ], [ 139.76052830211668, 35.589641212966079 ], [ 139.76052699258759, 35.589624987239148 ], [ 139.76052556087421, 35.589621831525641 ], [ 139.76052191878466, 35.589622370156683 ], [ 139.76052014589672, 35.589630391415078 ], [ 139.76052069112518, 35.589637602827075 ], [ 139.76051979762127, 35.589649410435065 ] ] ] } },
{ "type": "Feature", "properties": { "SAFIELD000": 1678, "SAFIELD001": 64876, "SAFIELD002": 2, "SAFIELD003": 31.0 }, "geometry": { "type": "Polygon", "coordinates": [ [ [ 139.76182615122329, 35.589636761914633 ], [ 139.76182867215681, 35.589656053056395 ], [ 139.76183087566162, 35.589660020459092 ], [ 139.76183418765115, 35.589658399930279 ], [ 139.76184026828631, 35.589645694004084 ], [ 139.76184369086704, 35.589643803125 ], [ 139.76185230197308, 35.589639661859742 ], [ 139.76185440297877, 35.589634795624953 ], [ 139.76185485239682, 35.589625782038119 ], [ 139.7618492322415, 35.589617035267189 ], [ 139.76185155370939, 35.589612439578787 ], [ 139.76186027556378, 35.589607847685961 ], [ 139.76185873408778, 35.589603970814885 ], [ 139.76185609134038, 35.589597569411744 ], [ 139.7618611709533, 35.58959369646707 ], [ 139.76186360365256, 35.589588109320502 ], [ 139.76186