"","症状有または診断有／医師の指示有（n＝286）","症状有または診断有／医師の指示無（n＝63）","症状有または診断有／計","症状有／医師の指示有（n＝282）","症状有／医師の指示無（n＝63）","症状有／計","診断有／医師の指示有（n＝284）","診断有／医師の指示無（n＝32）","診断有／計"
"食物名／１、卵","200","37","237","198","37","235","200","29","229"
"食物名／２、牛乳","59","11","70","59","11","70","59","10","69"
"食物名／３、小麦","20","1","21","20","1","21","20","1","21"
"食物名／４、そば","21","24","45","21","24","45","21","18","39"
"食物名／５、落花生","63","14","77","61","14","75","63","11","74"
"食物名／６、えび","11","11","22","11","11","22","11","8","19"
"食物名／７、かに","9","11","20","9","11","20","8","7","15"
"食物名／８、いくら","21","16","37","21","16","37","21","12","33"
"食物名／９、あわび","0","6","6","0","6","6","0","4","4"
"食物名／10、牛肉","3","2","5","3","2","5","3","2","5"
"食物名／11、いか","0","3","3","0","3","3","0","3","3"
"食物名／12、キウイ","14","10","24","14","10","24","14","9","23"
"食物名／13、オレンジ","0","2","2","0","2","2","0","1","1"
"食物名／14、くるみ","24","9","33","24","9","33","24","9","33"
"食物名／15、鶏肉","0","2","2","0","2","2","0","2","2"
"食物名／16、さけ","4","1","5","4","1","5","4","1","5"
"食物名／17、さば","5","2","7","5","2","7","5","2","7"
"食物名／18、大豆","10","1","11","10","1","11","10","1","11"
"食物名／19、豚肉","1","1","2","1","1","2","1","1","2"
"食物名／20、まつたけ","0","0","0","0","0","0","0","0","0"
"食物名／21、もも","0","2","2","0","2","2","0","1","1"
"食物名／22、やまいも","6","13","19","6","13","19","6","8","14"
"食物名／23、りんご","0","0","0","0","0","0","0","0","0"
"食物名／24、グミ・ゼラチン","1","1","2","1","1","2","1","1","2"
"食物名／25、バナナ","4","0","4","4","0","4","4","0","4"
"食物名／26、ごま","13","6","19","13","6","19","13","6","19"
"食物名／27、カシューナッツ","30","13","43","30","13","43","30","13","43"
"食物名／28、米","0","0","0","0","0","0","0","0","0"
"食物名／29、その他","34","21","55","33","21","54","33","10","43" 
"食物名／28｣|s
Bｻﾁ�Re@⊥hｺl賜3Fﾚｲ老｡BL詞$ﾅ��WDAhﾁ�-ﾋ煌�P�瘠ﾓ;�ｬｫEEDBd}EIﾚGAﾒｦ#y|i�Y�6kh￢	:
9�ｰEM娥�:隷袍9戮┴_7� C"e5<鋲(6ｳﾈ�oﾔFbイ綏]'ﾗGv
P�aﾃeﾐnJE<償ﾆ�4ﾊｦ�#卮遒<Gﾊ3G鑞#ｸ'ｼﾝJtｦ!ﾒOgｵﾕｦ�	#� ﾊpﾒs畏彝+�3痺=ﾍ｡LﾙJ笘ﾃPE:0ﾛ頏懿bﾅ｡=ｰﾘ�� EDｻ:!ﾊｿ拙Eﾀ昞�#ｧ売ｷA�ET+bﾕｿ;�t笂E�0N#ﾞﾊt-Bｦﾄ�3B�9ﾈ2�ｧﾇJ}@手"撓#Z#｡�e9�村A⑩L�｡ 鮎ｺo�ｨGﾃ慵<卿L77柚�Mﾊ液
沓�冫By�"ｸ｣W�#D擢ﾖ0��｡lﾂt"�"�	辟G□｢ﾝｦGEe舳P胤ｧ綺p･�>rﾐE�S･0ゑIｴ!ﾊ"��.ﾘ�ｶﾆ� 浸ｦﾌ`ﾍ釉鏐"�;�8O蒲鉤ｵ汲雑ﾏ$�ｬq@』HｾｰG輛dt!�Qt｢霜V+6
#縻`手ﾆlﾅ3�%-��6�8蛔0���0�ｬ�>)県DЬJﾃ**ﾖｼｾu#ｺ[鞆｣普(w�ﾄTｺ#｢:ﾎｪ�ﾋ�毅ｾ"9｣'X錫ﾅﾆ鍛ﾊGqN#ﾛｨｰ引蠇(DX)ﾇﾘt1ﾌb"6ｽ*ｯ��紙煦緜Mﾟ0淫bｾ�"Pﾛb渝Kｽfﾑﾍt苻｡憂裲K6ｿhs記�U�5�(vqｸYz陦O3�:ﾄ ｿMｵ�#ﾅﾐ Cﾐ]ﾔhsR･�7t]鉀��査">ダ`茨qﾁS薙h*ｮ�3ﾋ･｢?dt-ｮ"+cﾂFuZｸh岐�4ｽ=u唆oh��'	ﾆｫ�"&mA�%�舫cﾙ:/Eﾒｸ.棉w#糯鮎ﾋ�A"ｲ�3Gｬ蹇閣	j､}H�3Ｍ隊�､Gﾆ引 A槎釗#｣旡ﾚ=ﾑｫ3甜9ﾁ｢�F4ﾃ'6�#ｰﾁﾝCE序Vｦ-"�	ﾂ<3|P�ﾜ(ｨ褫ﾉﾈ{ｲN� 額4]y�*尅ﾐ峙���N�ｭY9閣１EL6IﾊA�1ｰｰﾎE\�&G@�
DxXﾓ=ｳﾙ|ﾇb�"ﾞＯ>Ζ]�p｡�6*0l6殺ﾐﾜ蝕 景ｱc��ﾂ(rｼ�!0dx ﾑ彭|.-BIﾐﾅqGq､ﾏ｣e�:�0ﾆ`�ｴｺ{ｰ’1�ﾍ0竝ｳY�｡@�ﾃﾅ\ﾀｧ件 ��3ﾘ!	ﾂL75ﾂ\n-猴pﾜ�梨%`�ﾎ
^a)￠ﾄbﾘM匡W�#9C｡	\>N
rｿ岱�4];ﾍePﾓ�;ﾈ緘&閊dxﾋ摎HF\B鐫ﾏv]u 勢?B�vcﾁ�3pｧ｢植$6GﾐGｴｹ�G嬉B,叡!E�	ｲﾝ�"ｬ1qM腐{ﾁ'Sﾛ)�1O@ﾃet6
!�mｷMｰ��nﾄGﾑE�7ﾖ#XG\jTI4#Gﾊ桂�!qｵｶ榠*$tﾂQR;jﾒ��q�yﾅ ヒНｱE
ｳ	2q九+-)宥'ｼｸ瞋ﾈhﾀﾄ"ｰ�#4\@�!蓊内ﾐｱf6轤ｪｾ(�hЕﾆUﾃAｱLRf� E8nﾐ"t:MC0鬘覃z發/�LP!�8WﾄsRﾇЖ��)�=非4ﾄqｸ1A�#y;Z 粋xMﾄﾇc連{.儼�-ｰﾘ0t寒K｢颪懣�ｰ醒�4�"."#B�8葵"腎ｉ悛｡ d3ﾋ踴､�*S｣!DﾎCc��49ﾜﾓ},ZﾄDF�&~易"ｪﾂﾊﾆ｣秘｡F珵ｵ観ｲﾔ*u�HF��oﾟF絮ｾ�ｲ�)CV倢>奏,&Еｩ}�9n_aW;ｦ�D｡Bq�ｼQﾇ��)Ж+.3aﾋ�@ﾋ｢9D|ｼ!EﾑBｲ誨
to.
言ｰ單tGAﾌ#ﾆG序F I� _ｿ��#ｯSﾌ鉎�#袗鍾垤ﾇr+ﾐ讃~Dﾑ胼�SO1痩K躑I腱GﾞHﾔﾂLルｯ#｣� ｳ�郁ﾒ.`�]Yﾄ\ﾁﾗ熕ﾕ�ﾋ古痴�
ﾎ"#碩�qK�G2｢蓜ｨケ牀ﾚP��廛|｡�'卮ﾈC�飴�界B'ﾇﾐ""1A引��>,r�(r恷ｶD§+""."ﾐ｢80G.違��.!v]沢8ﾌГ4rc� 擦Qﾙｸ
а舐#風臘�8�#｢8h.ｸr�ﾀsﾈ皺ｻ#迹ｶm駄"28h#≒\#冪43｡ﾈfYﾜ’2>\C_.ﾈ�qヱﾁﾈ炬6ﾀ�ﾀCD��8c澎�諮9P�2ｽ
き(襤i97$9疏｡ﾊｫ(s刺(r�(ｇ+
｡ﾊ｡ﾎ9PP�P�T9NP�qﾊｲ�*
�ｫ(r悸+幹ｸｧ+環8%d+腐U泌9C�9C�Q咨ｪﾈ珊蘂C�9NJeo,�09Nw(r�(s撒`拓NT�c�9�8�｡ﾊ｡ﾊ｡ﾎ9C�9C�9悖ﾊr�(s傘�&ﾈ+希ﾁ璢�9^U泌P譎sC*
s9C懷W�2�.
rｸﾐC$
*91ﾎ�｡ﾊｲｬ≪⇒rC�ｧ(r�(s傘�B9C鋲YNT�S�9XV9\P藝G)ﾊS(ﾙP緬硫37N}､8ﾂｵ*ﾊｦ嬉ﾋaY>Z�ム�獸����珀�_��%ﾗ�L暴�+?Dｾ�W瓸�ﾀ��ﾛ&ﾁ�ﾂ���ﾆ��2:.兇;euｿ��ｯ�34ｵ��p~i�W��w����?"%<�=
/|��ｷS�?ﾀ��Gﾇ恐���ﾘz}��鋐mSz1��ﾟ���V�"<�ﾗｭn樹>�ﾒ���ｵ錂O･�ﾀﾟ竇Rﾋ�/p]ﾛIx'K�ｵ����樫ｴｿ�]Z�璞k�0ｪｲ!/�?��ﾃ_ﾀﾗ+撤�q�>ｪﾄ`x�ｿｾ���ｸ_���ﾓﾗ#｢>GD|ﾚ#｢闔�#ｺ#ﾟｼrﾒXﾏ����2�聆lﾕ�ﾀﾇ��ﾖ�v��T��v琿ﾕ([�������ｾ�｣'\��ﾊ臈ﾏ5｢O[牙D､o'ﾔﾌﾓS漱%
	�7|�ﾈ�#ﾄt�!9&崗'袖eﾕ,ﾎ�ﾃXmｮ塘豼膈e菎Cﾙ"=Mm斂w�	=ｸrｴ5个瀇�	
I眩ﾐi訶c#�飭|ZﾉqX}@Tﾖ釣ﾒ｣?@ｨ赱鬧ﾈ08/錞呑ﾓ�ﾓ[8ﾗｿｩｿ顗�藷-ﾋ�OｩFﾁoｵﾑ!ﾘZOﾈD罠pﾆﾓ�nポ&�ﾎ敷Ч�ﾐ ﾘ/>畔垬Fﾜ視爨uSｹnV4ｰ�棏ｻ�8ﾙﾎR8��".C2q9y��ｹuﾝﾟｾa|��4F:Grｬｮ;�;S~l#�?ﾛ_鋐�dﾞ誤O<ﾐ�ﾗ~aﾎ9C�9�CウD\�9｡(a}.ﾗ�����ｾ猪Дuﾂﾝ*4ﾘｰｾ�ｿ{ｫ荿b��ｲ�ﾀ��ｯTｿ崧�kWﾗｿｯｦｸ�購ﾟﾓ�$�'�ｽ鉎･CGﾟｨ}zｪQﾅi��^�D~ｩﾕｺ�ﾜ�逋ﾞ誉"｡ﾈﾇ��UﾟX�G9vP�峩�6ｪｲ｡待dtaｯ4'�ﾒｭﾇ3綣HA�!ﾄp砥_kN瑙/0ﾚ#ｬ瀝DE･ｺ��&?��諳:､ﾞ楢q滋賴肢籌仙支�矮>���Zｫ�ｱﾉzｽ'ｴf澹鰀ЫG���ﾒK"8ﾓjｾｿ�*�ﾖｵ��wzMﾌ=Bﾘ8�:Yqﾗﾟ�-/L(M}�､ｨ驫眞RX��ｬ｡~ｱ��ｮﾟ^毎����/0Gｯｳ酸ｮ>�)q･�?0	��ﾘRﾜC･ﾉ子�ｵk�(ｾｴｿ�韜tｺｰD?ⅱ��ﾚｰｿ�Uﾖｫ�ﾒ裄詠��R Ｏ"��S綱猊ﾔｧｪC熬.,�ﾒ`�6<;�uA5駢櫂ﾟｴｷﾀﾁY\S蚤Xъ鳧Uｯｻ�:ﾔ痰"phD`�｡Z｡�F〝Q~ﾄG��ｮ�����ｾ祥_兤��ｷ濱ﾎ綮��ｻ��k��ｸ�N�兤���ｾ���{�晗�璟��沃�~ﾟｵ炒�uﾀﾌ妓ﾗdXﾌ��(､ﾈTkﾈyﾙVErP�T耐�!豢D#ｪ$x&F･澡vFｲ^D$ﾔﾍﾉ}Wﾔ�#ｩ鶩給w�ｭ灣 曉Tf��� ﾂz�9�6pI?�Sｽ+KｨG〉#ﾛ譿梠)ﾗO��蝉植 ﾐ=tA甘ﾈ､�ぎ$P召paZ0沱G*ﾃ*{��ｸ,ﾘh�4N:
yﾗ��Eﾄ7ｰﾆq_B>*ｽｴｵﾙﾋ6S�%ｽ}池��蒻ﾂ<四.�ﾓXH�ﾃ>ﾒ8��3﨧33髴Q\.Pザﾜ'Iｽ/����ｯ�ﾑ<rfa�Mｬ炫癬r皀>�#ｰ貞潸<ﾂL&_ｾ��彩ｽﾉ�9觸ﾊ~��gﾃ筐�U,禄f撝dﾖC愃^F?ｦﾀpｯA�錞azQ�)ﾔ~1沼��/�%z9ﾆ柯ﾆЁ�ｳ晗砲疾ｫ�Eｸ^	ﾗｵｭ.ｼ■Hｸ､tyｯ?�!�ｭA"育;ﾆ�ｦo靏･�6乘鐫�p.ｾ� ｴ�A､Г�ｿﾕY澀k]�K`ｽ}�">)p髟eﾌ>��ｺｿﾟﾁ静����ﾖ�vph_ﾟｯ�Gﾄ}ﾃﾅ�(ﾛA$u㍽ｺﾐ"�譿��倞_ｹpCﾁK詛h";AｻﾛﾞUｴ恋饑ﾔWﾟ
nﾛｬﾇ佇�ﾘﾚM�f湶ｾｼ碧雕��y�w､明ﾕ~|_ｪ.銧皦ｱ{h4Apﾋv\17�ｦｧDｧ茄�@具ﾟ_T�����ｾP[�.ｻU紋��ﾈQ贒�ｯｿｽ__ﾝﾗ	WﾝgK)､qw�ⅱa;^\!⇒y:ﾔY獻��wｭ優tﾕ&�">ﾐﾅﾒKﾟJﾟﾇ��ｾnｮﾜj�uｿ��/��	6�'ｺﾉﾃ��ﾗｵK�o��Fw.`����B3Rｰ�/i�~(尻ｿｷ�-ﾓ}癩#ｼﾘ(ﾖ"?�ﾟ遖ﾋﾓﾁ|ﾂ"a�tｲ�\�ﾟｻ~厚o~ﾟ弛齬ﾃ/�%ﾏgﾏ﨣��+w･ｳRｰﾟZ�ﾊｿﾄ*�&耕ﾞﾇ騨tｷ嶹0？ﾍ��t櫟D�J�Eﾅ?ﾂｮｱｨ��ｽ-}L��)銈髙衣�,ﾅ �/･3����h0ﾟOﾃ&ｱzJφ_Znﾒ!�ﾘ+瘧Y�AﾔPｻ�条ﾘ､C�ｶ?�	xeAOo紅3}怺6ｽ�敎6����玻���蕉嵎ﾄGT:[騷｣C�ｦ奐ｾ尻�ｿ�Yﾙｨｧﾁsﾀﾕｫ @ﾉNa 吟&#刄Oｽ^ｽ鰯^!'aﾇS醸ﾊ^tDr
ｬ彳A�C梵`ｩtｿHPｯ�FNxa凬�ﾄD4�ﾇt�IQ該�ｴ配H�?>]}Oe< ｶﾑｻ?vｺ玻	ﾔ4!ﾚ点ｵa/���ｱ[OUN?ﾀﾄv�海:謂ﾖﾃ矧@�xk�hDG~ﾉｲﾂsG�ﾅ!�-Bﾑﾀ�｡ｪｿ�ﾋMf��鸙瓏ｿ����ﾞﾟK��ﾕ`_ﾟ�����ｾﾗｪ珀ｻ瓏��ｮﾗ�ﾚｿﾊ�ﾗ�Wｯ炒砡ﾟ�ﾖ�`�霍(Oﾊ�"&ｿﾌ�%ｱZﾀﾌ王ﾓ)�ﾎ響4ﾍQ/槓<�4DtGY;	<ｫ
､o'�.ﾑ��>ﾘi賊pﾎ]ｬX!x)ｨF＃iﾑOﾝ��*kｻ�?�ｮﾕb/�R<ｭｼﾊR#｣ｩNｮ�ｴｽ�ｼ0ﾛ�*gﾌ�ﾉqm$ﾍ袁sO�"ﾚ編(ﾂa�mV_ｪﾒﾂkﾓn隣ｾ���q�
ﾛﾙU ﾓ\ﾞH}迩"｣_~壺ﾞ婦�;.�<ｺ#｢:#倆餾|"OｦO3蠕�=｢�(pﾈ闔�;*=W�ｺﾙｩ_�!｢���]ﾆ?ｿﾂ'yx��傑n亭FﾟKZ	-?ｸ�錞鱗儀ｿ�鮨3唔YnIｯﾖｹ沛�ﾇｪ>_Y鑠wｧ啼瓩微_�%')�(�.���~ﾒ�ﾓﾓ���hEｬﾂﾟ��ｭrB5d0j｡�h�]?m#`ｺﾐA("懺wZ�爾8�ﾖｮﾎｼ���%AZ^92_ｷOｰ[*轡xE嵂褸vｼﾖ｢=VX萵#ｬ�密p團a彑��ｯﾗﾝ-ｴｴ�/<wｮXﾏｳﾎｳﾀn-ﾀﾗ�{ｬ":ｯ���ｯｯ�%8郁視ﾚ�ﾚ{ｺｯX7V����-
賴ｲ.b樗$ｯ�_ﾓﾐG@ﾒ�6鰥Fﾖ(~Cｼ7ｦﾟｼ�ﾊ=ﾗ犂8��ｽ(ﾑﾟC�9C�9痴ｸZPi�9\S鳰弛�����ｵ��ﾓ_�Д`�1'ﾓ�q{ﾏ=/Vｻ��ﾕ熬@ﾁ+{~ｱwﾌ浬(O��9�)ｦ�GZM闢ｱUo�ｦ畴��=i�｡燗}X�(qC�bﾒ{ﾃﾇﾜ��7�連Iﾍz}^ｼo	7p壅6ё�o�ｿ7��aﾎJ薮w�ｿﾖ�ﾂｧXｧ�8	\ｫﾓ�_KlAﾐ*滄�ｺ$ｱｾd1ﾁ*Z%4ﾛ昕sFⅨ"$W�ﾘr::UIｲ=Zｰ�}曾∟ﾇ6(N�>�$ｵろｫ�#ﾟ��ｯ�?�GUu��tﾗ･�[Vﾒﾎｱu} ハ�>ｨ7�}{G閙ｽ蜃K扶uK�ﾘｨｬF⑩�i7ｫﾗﾟｯ柔ﾐ��獺3F2闔郁#｣oﾔﾀ%7ｾO���腱ｿｾ豆ｫ肓pﾚjﾕj｢mt0簿ｵ_�ﾟ~�ｵ�*闌�ﾃ@ﾂc真ﾈ､&ﾔｼｸ`�L<･eZ|G[08S*I饋粒l<2｢"&制dｪ���|;ｱ~��ﾃﾐ�A鎚;ﾒ琲D^�ﾓ]匇M咬ｻ_�髙�kHyﾂｪﾄF嘶HBMc駱ﾜDX]斡d*Е｡ｪ狷|�8�#鮱Dx�袷�^������ｿ��ｯ牘��_�0u�3ｹc�ﾐ���ﾈ��������ｿ�_ﾇｯ珱苹ﾈ��@��_ｸ�ﾟ��^:��ﾌソﾋs｡ﾎﾀｵ猯�灰･>H遮2;>BdW"H���.旭nｲ�ﾌ┃卲;|佻=Iﾑｫ!t鳶d<�7�>U<ﾐ�.ﾍ�"ｼﾌ�ｫｶ臻ｳK鬧}錡�ｯ�ｹ�ﾒ.{煦G�/S冲~W�
�U�,臑Dq:���3�2o彅�+ｮrｶ3S0幽$"ﾏ~_h$Bﾎ�ｫ<卑､" 一賴�6:ﾓ丨4ﾔﾑ.�Aｿ�ﾂjﾅ^腺#濡Cﾖﾝ･<!ボ#｣��D<Eｪ餝ﾘ/Mｷ,｣ 拈徨pbl｡O���TﾂﾊｰｺQ� 墲ﾗﾗﾌ,�7�u籔uﾔ爛�ｰ右]�'ﾄ吋ｦ鵜i優r�ｰ@�P蘂p憎1NャdｰKn�ﾒM�ﾅG8芹ｾJj�tCｹCﾂG.ﾁoT"+!;�!GN"-0ｨ5v]vk.Yﾉ 牆�ﾁｺ�~ﾑ橦ﾙC�9成ｾ5ﾀﾕｵ@偶�"!�1�	ｺ4｣詆S#ﾚ�暴3囿ﾓ�蜒/(��$:��ch<Gﾏ���K�ｪ繞｡ﾔ�ｿ[]$ｻﾗ樺2�ﾛｫ諠yx書ﾘ[��P��HﾍPｩp舍=!iｿYﾂ%0Geﾗ譎ｿ(淑zﾕﾐ､�sﾗ￤｡��紋�;��琩･ｭﾋﾚﾚ]､OﾁhﾎX�4謔詑�{|ﾂ#､ｾｺｴｻｳ▲{ｧ綜��b(ﾐﾆ岼靏ﾗ�N京к�uﾟﾓOｨｳﾐ｢?ﾈqﾄG衽麿_ｾｿ�/ｦ���U�ｺHC[t5�.�揖_池㌢8ｵ惟�'Wﾐd��	ｾj8 ﾗﾈ �ﾐoW�ko_��/琢ﾋ�奎���)OB"ｦ9ｸ�)ｾｿr1ﾈｽ｡h~aﾂuﾖ�7ﾌ|ｯJﾐ"?昞i,DEﾓcIsL�GE荵珱j葎掛瘰ﾑﾜ�ﾞｵ�6}N�&w�>�ｪ}4岶}驅O錵�;^ｼ?紋-��<､ﾟ��ﾂﾜG���ﾑ<ｶS】�Eｻ�;.ﾂ`3�Dw�#潺~{>ｿ�ﾌ�!ﾅj�｢��ｽPΠk5ﾛﾒ�%ｭｶqﾋｱﾎ轅=ﾇ甄,%.｢�ﾎ秋{�A�#�ｺZ��/組ﾟ�>�,ﾘ?ｮｭ-ﾝ�2A-8毅/ﾇ�=ﾇｭ鄲ｵﾟﾒx[�ｽ/ﾅ俉zZ�聴=ｵ�ｴJﾗ謔ｯ煖��7a:｡W當劦l5､北>ｽｺ豐qｯ升茁麾�uMe~!`ﾒVｭﾒﾖ+.Avｳ弡 C�?ｫ鋙�惕ﾙ��8Z胙ﾛKxu_p[jtﾝWｮ1DCﾞｹvGﾐ･ｽ･ｽ!ﾁｿﾘ�+ﾈ掟�	jｴｿ���ｿk~ｨz�>ｱｿ�"?�_ｯ獵ｦ�ﾗ�NｻV詈yﾐｭ遯
�!sﾟ�因qg�%�/晙�ﾝuﾅ~"�ｩ煦 ﾚK｡ZM鰛ｆ}};Kｫ�AりAﾗ､CﾀｭGNw瓦ﾍH宍ﾝｺｲ8?ﾗ�;ｾ�7ﾞｿ�ｵ��!�燻?Z�ﾘpｼBAΣD｡&^\B�･ｫｰ@ｰﾃ _Iｨ�肓XI]ｧﾂhDCﾇ' セ"I�?%ﾋ(�cIｰ��HQ�｡�}�餝oｷ爍3ﾗﾜ�!ﾙﾉ� 之!&9sﾃ�d- j�#�9OﾇH鏝ｽﾐA5��ﾄiA､CB( ﾖjb繽$G���｡qhZｮﾅ｡�aBﾑﾈES―B]��7蔓 狷F�);_�ﾇ���ｯ����/������~ｯ��������������������p����穎K~ﾊ臈OL曳`��Hﾎ致@�ﾌ穂tb.咲･ｾﾉxﾜr#｢:1轗ｧｦHF�	･ﾀﾐ��臙H惰8��#:yﾘﾒ�｣Quﾂ8!~ﾙｯ$%3rC阜'ｹ�!5(ﾎ�焉ｧｾｾ+ﾈ'ﾀﾊVHﾈ霄拆IqH��3b#溯ｿﾄ8eｱ沐弍ﾝｬｻ､`Fﾁ図ｿ�"ﾜ｡ﾄF糅ﾘレ~ﾓﾏﾇAA�豕�3VAｵTﾑ8zuJ�<｡ ﾟﾀ�H准:#hzq｡�ﾄv椨Oｼﾂ�;ﾗ�
cｲ闔楫D �溟ﾂpｲ皀3∂M~yY)髦�?ｧ櫤ﾘｶE�ﾞﾟq魘｢-ｷﾞ裙嫗ﾍdﾈｮ死ｿﾑ� ]#���郁Cﾍ-mk楨�-ｫ#�4:ﾀﾒoﾘX維輪ﾈ纓ﾅ�ﾋ�劼:ｸ�ｺ^築0ｲD莠ｪｿVﾒｹｯQ�D-<��dt":w毖ﾈ�!}/所訝6ｩ�mu奣ｯﾁkﾀﾗOｼ｢5ｲ怎�輦�}%籤$ｵ_�･�鵤���菅匤嫖|肢�32<���=錬ｨｦ?ﾂ六f� �--Lﾕｯⅶ43釤ﾟ����ﾟｽцｿ畚T�寬ﾗ�^碯ﾃ��?3���IGi�<ﾄPﾂdn�Mﾛ�$;ﾒ夷Lpzｷ����N8.ﾟEc柯ﾓ�ﾖ 邵!ﾄtIﾇ ヰ]ｺｪ��ﾓ�韮9A�t��7乳tjﾁL肢�#uA�LDﾒ漁n逎rXI贈�`��ｧﾂ^ﾏ	ｫ}&｢Nﾟﾀ���!没ﾐﾈ�wｰ厄�津)ﾊr坐��q�侠墳ﾆ���ｷHｱﾊ｡W｡cﾄ|撼Fﾒ3�/ﾂ
�hW$７":錞･�/S�衆ﾎ=������ﾑ	eﾌﾍﾙ�qhﾟｾ潮ﾟ�ﾒ�4$鈹x?��ﾗ9Eﾗﾄ_倢SｹNSﾕ�5｣t^ﾄ$(.�ｿ��ﾔ��馘)ﾊ｡6ﾁ処��ﾒAt�*3皹]�(uTGﾊ玻震��ﾞoﾖ�DVｺ>5艮_\ ｫ�ｵﾞｶ偵┼l銜�ｬｸﾗｯﾛA則Ⅲ:ﾇ�	uｶ払繽ﾍ贏:X�z��\%�ｫ|ﾎhﾞｯ諡 ﾕｱﾇ��/�ｦﾂ軆�-岱"Ⅹ1ｶ隆:H&�?�	ｿｵk��ﾗｨｬ\w��� �ｧ4hﾖ慮N丐虹`�Ⅷ���3�Uo�騙t駝�1ﾃ､瑠�S醸Pﾂe�>_#｢:.拒遏｣B6zY�*%Jﾃﾅ,%瘡0�	鵰��ﾐH�"�稘@�4蝕ﾅtｨ���.
0猗uC'7コT�
(ﾇ�｡ﾗH&�L,ｷKIｯDｧ'
ｩ�鐔DCN5EhPCﾟ斡wD<qDG鵰�ﾇ��]z烋ｮ����ｮ������_���������ｿ����~�^���~ｿ�_ﾟ���z�'児ﾜ"7DB"ｵ�/��ﾗTﾉﾑ掣ﾍ>ﾊ筧���� F唏粋賜4ｲIﾃ猯�ﾑ<�r*f�渤`�､9|�=N8-}�Sﾟf桙ｽｭ[�ﾊﾐﾎ克ｷ�y�0
&:VDﾞ頻ﾄ湿�}aﾉﾚ Fｿ驢Iﾓﾛｯ釉ｭ�ｷｹBD疔ﾟtﾓ*�ｮ課~K晃3�ﾈ�sﾙﾆ諱�6�Y'ｪR;u�����Vｷﾅ���{�ﾐMﾋ�ﾗ?ﾁ=tｺ筐縊|tｽ�e�9NJ
r�ｫ|zm&ﾔ �6ｼV��,r犢(u蠱ｺ5酸:ﾈ`rX�Dﾋﾍ]�_ﾗｧB�毖!�e�?邊�;ﾟ�鴕�mﾗ.釤�
ｱ�>n[徨挾yﾀ 七Hﾀg.��ｩτ咄ｹ5��PKM�_�[ｲ/wﾅ｡ﾑﾜ7(i�1s�吾艷f鈼ﾖ�.ﾈGﾐIZﾄ�獻釐鳬�ｿﾊ"｡Gｭ�￢ﾁ��i�釞ﾆ･ﾑ�>�\窟iuｾ橫�ﾂ �%x">�崧ｲｸK�
ｱnｯIｷ姙8�heﾓｾﾐm�P�頑ｭ+�ｯ�ｭL<ﾖ\U[ﾓ擲ｧｵﾒo�?�ﾝ:l ｽu����
qKﾐ~ｾ集�ｻ駭�<瓏ﾒｵ>錥∠cPﾟI�ﾆﾓq�;��鵫ﾅ-q���e�:ｩ�"ci7｣�g@ﾘ�|+凾|�zｫｯ�ﾒﾔ8ｧﾁ疔鯉幾愨c�~ｱ_Yｰuｸﾟ���x"?ﾒ^�Oﾐ妺[�?｢uﾔ{ｭ$ｯp_]*ﾒv�2>G}v4ﾚｷﾂﾒ蓍}ｳ髯ﾍﾈ^･ﾍM\ﾝmvkﾜ0j霧�ｻbcAh&�ｵVこﾖ�錞ｴ琳4mkﾅNﾖｷ鱇ﾓO��ﾒ�pV;I60A{搾ｵB�ﾘiSｯ隯?ﾂ[獷UﾘQNH*ｱKｧ妤ｰﾃ�kｾ8ﾒ�ﾗ�mﾝ� ぜ�ﾁ�8ｪU�_斐ｺ}箟ﾈﾁ�pI�ﾒ�聡､ｿﾗ�諷K�ｷﾅｦB�Rr�*?^�Ii,ﾌZiｽ(*ｴ桾@ﾄ6;ｯ�ﾒﾆｺP�;ﾒ]�kTｸp~ｷ�>ｩ･�靏ｴ擶ｦｫ�Qﾇ�ｰﾐ溝ｧhDZﾒﾊ�ﾇ�0o��ｯﾗ+､P_����ｵ��ｯ祥ﾟ兤ﾋMB3_Idﾈ闔)�e��ﾐ為ﾞ�ﾙﾇ;泌S�9Fﾕuｸﾋ`凩ﾌ(�ｾﾗ��ﾆ�ﾊ�ﾞ溿ﾗ鐐ﾟ�O�ｾｲﾓ/羆��j�ﾊ褪a~Dg~�.7ﾌ�*^ｿd":�5ﾊ�ｵ Zj�f將毀ﾂ�>ﾉ��ｬ錘pﾃｲCﾑR茜�"嘘o�･ﾗCﾃoﾗ:9,v	�&i烽�ｮ繊ﾎﾈD|ｺ�ｿ5i單u�渾蘗2闔X@ｿJﾊﾐｧﾃnﾐﾙ$ﾁL8袷ﾗ､~FﾁCす耨ﾂｴｴ"9	0\o鯔ﾇRHaﾎ��･	橲湫ﾎ�wj~��ﾉF嵋�A屬2C忻lcｿ袴;l｡ﾏhｭtI9ﾒ}澵ｺ0Vo�"/0��ﾒlGﾒ��_ｦ��ｿYﾎt{�･!?�ﾛTｲ瀋｢ｹ�ｴ爵)ﾆGw���i~�z}�?琿ﾐ�ｦ｣�E�xzT狒ﾆﾗ｣ｲ2z鬲Ldu"�u�k}q^nFpﾔw��ｯ_�?���ｪ�o��_Uｶ]ﾇｩ�8���U"?��ﾗm暃����Uｴｮ�Aｾcﾊ��D-ﾛ��ｩ�Tｵzﾒv､㎡ｧ��W��mx�靃ｫ��賞��'ｾﾈ�N挌ﾑｰ�･�ｪ;薀%H&�#DU@��#���_�pJｱm+'ﾑ柩�ﾛ|#Gw�?ﾛﾙ鐚Pﾗ�宏u｢ｺTｪ��7ｵ錂ｿｫ�ﾂy昇ｫｬc�Vｿisﾗ��~｡%Xｯﾛ�鑈｢=ｮ8�ｶ�ﾗ鍰~捧\噫ｽ.l�DG橫鳫?��ｦ4ｫ劾�Koﾗ�mx'縷W&�ﾚｯ�ﾎBKﾐ[|･(`�[ﾐ�X}ﾗ誤�､ﾄ]ｼp癆/4?	__碧ｨﾁｪｿh裏ｷ�?IピXｿCﾄcﾒｈY伉Xｧ籌AJｹ湲@8hz�t�ｮｨC�_繽蚯監D[�｡�鵈ｮa@�ﾆｹ��ﾊ��ﾆ餧ﾗ�ﾕ�ﾝ~�ﾊ��ﾆﾉ/���ﾇ+､Pﾟ�瑾����ｸ��ｹ�較hｿ ﾑｱ�ﾕMk淙ｧ蔑(��\ｺ ﾒxﾀZ%犱ﾈｪ.�Q �繊~A ｻJ�?槍!ﾊﾙ��ﾈA�W0�T@ﾎ�#ヱﾁ邉ﾁJ�&ﾉIｧ	ｦ�}O#�`ｺ#�60�p朗#":�;vｨ�ﾋ�ﾚ'	ｿ+榔TNﾃD癬ｧｾi�｡耐WIｸOﾋ籤｡ﾊwFﾁ�0ｯ�#ﾌ=}oｧ�0ｿ蚶
ﾒｽ� 香��ｲ�ｱn椦�ｳT,纜r1ﾗﾖ��b,ｻ�ﾗ獷ﾄX!���)@1�� ﾄEﾗZ��残�顱o�+��[ﾏz \衽･倢諂-ﾛ��﨨ｼD=ｧｿ+､P�*ｷ�ｿ��袢~0益��;飯5�	瓩�h�W0�銈�ﾑﾇ<ﾟ�^-s�@僅i����ｯo�d�ｯｿ腋ﾟ絡��v��Qo��">s
��ﾓ_ﾅｯｫﾕ{K壱3
G_ｺﾕﾓﾖ#ﾒﾇ�0ﾒゅu}艸�ｾｿ�剃\絽�ｾs��ｴｴｵ寒Gｫfｧ+榔j�\z�b偃啜b)Pｶﾖ��_ﾞｾ��珞��ﾇｫAﾔG�ｦ｢ｼ8�ｩl-$k#ｧＢ>E衞､ ﾈ丶<*4<n㍉�ﾌGｭ^ｪｭﾀ鑚ｮ猛@�ﾁ+榔_ﾟ驍ﾄE=1ﾚﾇ�ﾟrｽk�ﾗﾓ珀ｦｸｵｯｾﾟﾞ�ｿ\ｮa@ｿk炮��ｸ�����rｺE�����ｼ`�ﾊ����~�ｾ�ﾆ�E�ｯ�ﾊ靜霓L皇ｻ_ﾌ�<夫Rd/ﾌ�ﾕｩﾕ撰%@革
0G�ﾊ惣]"�ﾓ?ﾖKﾁUﾒ<ﾈ甞a臾!ｺ{p捜ﾙ�ｼ'ﾂH{z~ｨ<�mﾃ9ﾆJ 盡厩�?獎e�aｮｴﾂ%���B.ﾗｱW�ﾓ]sﾋbｽH1�ｯ#bKﾆｬυaｹ晥qoﾆｴﾂｦf�)〉tmﾖhh"P驀�/ﾕあ��繊ﾑ;ﾉｿ}｡弋ｾ}k鏆�?��ﾉRｦﾒ�真ﾊrｪﾍfｵA泗ﾑ{﨨F 芳ｬﾖ燭C�ﾖ�土唖E尞停ﾌH#&�:ｽ\ ﾌe�猗湮�- ｽ'�#HR.D|試o�ｺ��,�ﾆVA}x�ｪﾖ�ﾉ>".ｯ��X["ﾄ�ﾀﾗ�|ﾂ�ｴﾒ�濵ﾗ��,%�82ｩ3(d｡涵`�ﾞﾌ|ψ_ﾁ$j�=���	V切 ﾙГ~WH�����ﾒｿ��ｯJ?��ｺ厓Kｴ_ｻ�ﾒ�a�ﾌﾝ?�ｵ･�"n論�ﾗｨM D鋗"?]W､\-�*ｴ�Vﾛｯ}琵ｿAq�/�ﾒVX褥A6ｷﾟK�ﾐH�0嘉?��｡�鋐��wｯﾟﾒｫｨ"=G�+��ｪﾖ�*妺�K	-�"�,�.WH�ﾛﾎ蒸揖z�{_ｦ��粘･eﾃﾀ�ﾟ�/ｿ�Kﾟ�.論ﾈｱﾊ��1U･ｮ6輪aｱ､�ｶｿｪ駸溟ﾞｭdW詈%ｭ�奛X4吻 連(&ﾒﾇｾﾘｫ	ﾚ溲ﾂ
�ｵ�C&{Zﾂｪ����c^峰ｵﾕ+W�ﾀﾚj4�Uｵ4�Gｷ訝$}痰ﾂL$ｸ�0ﾃ	ｦｬ怩F�$uｳ�ﾕｫ$ﾃﾔ�､ﾟMC_蚯企�#｢8'P=&� ｽｵaｿ�!按4"*#ﾐ�	ｽｨI7�ﾌ稀 錬ﾏW%ﾈ0ｰﾌL!�ｾﾄD]ﾄCB]ｻ_ﾀﾄ`��wﾆﾄGﾜG+､PⅡ瓔������_�ﾟ���∵狒t�\zｹ]"��爼�>ﾇﾋPﾓ�+､Pﾇｿｾｵ+､Pｮｾｿ�ｧｿ獰ｫｷ�繊ｮ�ﾊ臾Y職�J5-g~Ｌ壤M4紹� ﾂ醍!叮`ﾂ��挺aｧﾎ�搗qﾗUｰ� すｯﾒNb'PﾌW}ﾉ吹tﾚｵﾀpｩLﾄ/ﾗﾟ+ わｽ�峨ﾏ髑ﾅ%Aﾋﾊﾒﾗ~ｿ���.F8/6ｾC���,ﾈe�!㌧`8尺b�ﾅﾒ�5">､���6ｨ�4Q�</��	��ヘﾙp楞ﾗ�?ｺ蝉q�|O萎�ｯ�u&C`�ﾀｯﾋ ���RdLwﾗ��O枢ｯⅦT����ﾄW�佖ｷﾌwﾗ�ｿ^好T嘉?�[�ｯo��+_��ﾟ�齡�｣ﾄﾑﾄ���ｶ�+､摸#ﾋﾀ��KV��挂Eﾓ��o�Z�_K��TΗ靍0抵�､弗留�=駟~ｺﾟ�瑙�1K�AA!zktｫ�２Kﾗ�WA#┷�AZ_ﾄq�ﾕ*ｯ炯�w� 辱�Q�?�}�^ﾇ������~_ﾗ�����ﾟ�ﾟ�ﾗﾗ�ﾟ�ﾗ�ｲｸ?�ﾗ�ｧﾟﾗ~ｯ�ｿ��������^��s"ﾏ.児"h�"麾ﾔ困'o｡�ﾝ��｣R蠑6_�ｻ"{�OﾓEﾓoⅰ･鍈｢gｰz�#���ｷJ鮹ｽ5Aｲ�ﾌｴ麼	諤奄)ﾁ崔疹9｡�  a�ｯﾐ壱VﾝHﾘｿ;ﾖ\&��LNﾆG�ﾃｿ7�дﾚ68ﾑｽ/ｯ�R／ｽ ﾃ�淨C5Zｧoﾗﾟ�ｼ-�*?蓁c��
s��p#<0ﾒ斡���尹ﾜ佼zﾌ_ﾀP�2Aﾓ杏��ｾｾg,rｺｯZｱ�#;ﾏ�?�iﾝｵ逋�&姐I/ﾁ｢��&秘ｰﾟﾒ��5�蘂
w艷ﾞｼｿm$算��a�ﾋш�/A�?;iｿ牘k2:-"t^ﾒ�ﾁ､｣�ｿUﾆｪ鮱_奐�鉑ﾖﾟﾐｧK�.ｿ<ｬ$Hﾔ籃&煆^5ﾟｿYﾐｭ}/蒐!�Ot嶬l~ｾﾝﾑ�Qｿ�ｴｩ:嗔�擎{�/�?�ﾞ禾tGDtGF3ﾂW�ｧ�|}t防牘Yﾇ0�<ｫ��7ﾘIﾕ�	ﾆl\ﾘM珉Pﾚ���Qh洪7Oｴｵ2pｪｴK���We拶ﾇ$�ﾐ�V��Dｩ^ｲ褫竫葦ﾖｸﾟﾀﾗxｾ鯉}ﾒ(ﾃ㍉�-|ﾟﾑ蒸�UiwｨaG�/��ﾛ�ﾇ逸ｶ��氿ｿ幸	cｶ,0i/斐��ﾚ6dx��ﾒ肖�1ｿｯﾆｿ429�ﾏ~ﾗ	aｵO{	h〈ﾋp､ﾓｿｶnっﾒ!紙ｿ�ｾ�ｯﾅ�ｸﾐ��EDq|~�����������ｮ����������ｺO�������ﾇ��������������ﾊ爲‥��D�3O!髑8糠"^(��
ﾉ/ｴ�ニｺ��柱雋ｳ�ｹｬ伶德ｿ}rﾒ�阿~ｵ�ﾉ任~ｩ｡�ｺd`_/堆�:��ﾟ､灌":/�	0ｦｫhDnﾖは�
�ｩ�ｹ�｢ﾟ�PDtﾚpR?､ﾛ*��T幤營ｯ�S�"j!�6"ﾎ\錂jｦ�=$ﾟ３w�Yｮﾟd碼惷JbｮﾐL206""/�0�w�ﾟ懣�Uｨ`枡傘�8,ﾂU	ｽﾇﾕ�ﾖﾔ謾澈ｮn/倆�_�5�鞳� ﾁ�?�a侒iｪAﾟ�ﾎ区G/_ﾀﾟ｣ｲ; ﾜTﾐkﾚF`H驢G腑�7ｭ{�.]Wﾀ汯ｫｯ貭�(z�ｿ�
S､ﾟ�/���'KｮЮU奸ｰﾔ�XCｻ
\xH8 ����ｶ�:Mﾛｮ�;Pｸ�A仰δ(C氿ｰｯ�Jｻ`蔭Fμﾈ �+��]ｿAｾa/���;����趙｣��ﾋ≧�K<�3<�
8U�Sｽv�Eﾃ~ﾀ註A�駮�2~ax贅dQ�hｯｭ鞐gｦﾐﾆ��?