産業大分類,八丈町総数（人）,八丈町雇用者（人）,八丈町役員（人）,八丈町雇人のある業主（人）,八丈町雇人のない業主（人）,八丈町家族従業者（人）,八丈町家庭内職者（人）,青ヶ島村総数（人）,青ヶ島村雇用者（人）,青ヶ島村役員（人）,青ヶ島村雇人のある業主（人）,青ヶ島村雇人のない業主（人）,青ヶ島村家族従業者（人）,青ヶ島村家庭内職者（人）
総数,4231,2650,212,196,815,348,6,139,114,2,7,10,3,0
農業林業,605,43,2,32,344,184,-,7,-,-,-,6,1,-
漁業,115,28,-,24,51,12,-,-,-,-,-,-,-,-
鉱業，採石業，砂利採取業,-,-,-,-,-,-,-,-,-,-,-,-,-,-
建設業,621,497,63,20,32,9,-,42,39,2,-,1,-,-
製造業,146,84,18,6,22,10,6,6,6,-,-,-,-,-
電気・ガス・熱供給・水道業,29,29,-,-,-,-,-,6,6,-,-,-,-,-
情報通信業,20,15,3,-,2,-,-,-,-,-,-,-,-,-
運輸業，郵便業,212,179,11,2,14,5,-,5,4,-,-,1,-,-
卸売業，小売業,473,319,54,25,41,34,-,4,2,-,1,1,-,-
金融業，保険業,27,25,2,-,-,-,-,-,-,-,-,-,-,-
不動産業，物品賃　貸業,35,19,4,2,10,-,-,1,1,-,-,-,-,-
学術研究，専門・技　術サービス業,68,43,2,3,14,6,-,1,1,-,-,-,-,-
宿泊業，飲食サー　ビス業,441,195,19,61,93,73,-,15,7,-,5,1,2,-
生活関連サービス　業，娯楽業,145,58,5,15,55,12,-,1,1,-,-,-,-,-
教育，学習支援業,223,204,4,1,13,1,-,23,23,-,-,-,-,-
医療，福祉,394,379,4,2,9,-,-,5,5,-,-,-,-,-
複合サービス事業,89,88,1,-,-,-,-,4,4,-,-,-,-,-
サービス業（他に分類されないもの）,266,126,20,3,115,2,-,4,3,-,1,-,-,-
公務（他に分類されるものを除く）,318,318,-,-,-,-,-,12,12,-,-,-,-,-
分類不能の産業,4,1,-,-,-,-,-,3,-,-,-,-,-,-
分類不能の産塔^－３名、アジア航測３名建設局河川部２名、三宅村消防本部１名
116,平成13年2月13日,つばめ,非災,人員輸送,神→阿古→神→阿古→神,3,559,土砂災害検討委員４名、砂防センタ－３名、アジア航測３名建設局河川部２名、三宅村消防本部１名
116,平成13年2月13日,つばめ,非災,人員輸送,神→東,,,土砂災害検討委員４名、砂防センタ－３名、アジア航測３名建設局河川部２名、三宅村消防本部１名
117,平成13年2月16日,ひばり,非災,調査,多→東,4,563,当庁次長、警防課脇本指揮隊長他１名
117,平成13年2月16日,ひばり,非災,調査,東→三中→（三）→三中→神,,,当庁次長、警防課脇本指揮隊長他１名
117,平成13年2月16日,ひばり,非災,調査,神→東→多,,,当庁次長、警防課脇本指揮隊長他１名
118,平成13年2月20日,かもめ,非災,人員輸送,多→神→三中→神→三中→神,6,569,都市計画局４名、三宅支庁１名、都災対１名
118,平成13年2月20日,かもめ,非災,人員輸送,神→三中→神→三中→神,7,576,東京電力５名、関電工１名、警視庁１名東京電力５名、関電工１名、警視庁１名三宅村消防本部１名
118,平成13年2月20日,かもめ,非災,人員輸送,神→多,1,577,三宅村消防本部１名
119,平成13年2月23日,つばめ,非災,気象庁,多→東,2,579,気象庁２名
119,平成13年2月23日,つばめ,非災,気象庁,東→（三）→神→東,,,気象庁２名
120,平成13年2月27日,かもめ,非災,人員輸送,多→神→三中→神→三中→神,15,594,支庁土木５名、地震デ－タ業者５名、災対２名、警視庁１名、当庁１名
120,平成13年2月27日,かもめ,非災,人員輸送,神→三中→神→三中→神,,,支庁土木５名、地震デ－タ業者５名、災対２名、警視庁１名、当庁１名
120,平成13年2月27日,かもめ,非災,人員輸送,神→東→多,,,支庁土木５名、地震デ－タ業者５名、災対２名、警視庁１名、当庁１名
121,平成13年3月2日,ちどり,非災,気象庁,多→東→利→神,3,597,気象庁２名、当庁８本部長他１名
121,平成13年3月2日,ちどり,非災,気象庁,神→利→東→多,,,気象庁２名、当庁８本部長他１名
122,平成13年3月3日,ちどり,非災,調査,多→東→神→三中→新,7,604,森総理大臣視察、当庁警防課３名他４名
122,平成13年3月3日,ちどり,非災,調査,新→三中→神→東→多,,,森総理大臣視察、当庁警防課３名他５名
123,平成13年3月6日,ちどり,非災,人員輸送気象庁,多→神→三中→神→三中→神,5,609,建設業協会３名、三宅支庁１名、気象庁１名人員輸送当庁２名、三宅村３名、警視庁１名土砂災害対策委員３名
123,平成13年3月6日,ちどり,非災,人員輸送気象庁,神→三中→神→三中→神,6,615,建設業協会３名、三宅支庁１名、気象庁１名人員輸送当庁２名、三宅村３名、警視庁１名土砂災害対策委員３名
123,平成13年3月6日,ちどり,非災,人員輸送気象庁,神→東→多,3,618,建設業協会３名、三宅支庁１名、気象庁１名人員輸送当庁２名、三宅村３名、警視庁１名土砂災害対策委員３名
124,平成13年3月9日,つばめ,非災,気象庁,東→（三）→神,4,622,気象庁２名、当庁２名
124,平成13年3月9日,つばめ,非災,気象庁,神→東,,,気象庁２名、当庁２名
125,平成13年3月13日,ちどり,非災,人員輸送,多→神→三中→神→三中→神,10,632,当庁４名、地質調査員５名、警視庁１名三宅村消防本部１名、日本無線２名、災対本部１名
125,平成13年3月13日,ちどり,非災,人員輸送,神→三中→神→三中→神,4,636,当庁４名、地質調査員５名、警視庁１名三宅村消防本部１名、日本無線２名、災対本部１名
125,平成13年3月13日,ちどり,非災,人員輸送,神→多,,,当庁４名、地質調査員５名、警視庁１名三宅村消防本部１名、日本無線２名、災対本部１名
126,平成13年3月16日,ひばり,非災,調査気象庁,多→東,6,642,気象庁２名、ＮＨＫ職員１名、当庁３名
126,平成13年3月16日,つばめ,非災,調査気象庁,東→神→三中→（三）→三中→神,,,気象庁２名、ＮＨＫ職員１名、当庁３名
126,平成13年3月16日,つばめ,非災,調査気象庁,神→東,,,気象庁２名、ＮＨＫ職員１名、当庁３名
126,平成13年3月16日,ひばり,非災,調査気象庁,東→多,,,気象庁２名、ＮＨＫ職員１名、当庁３名
127,平成13年3月20日,ちどり,非災,人員輸送,多→神→三中→神→三中→神,16,658,当庁工場３名、警視庁２名、防災科学技術研究所５名、三宅建設課５名
127,平成13年3月20日,ちどり,非災,人員輸送,神→三中→神→三中→神,,,当庁工場３名、警視庁２名、防災科学技術研究所５名、三宅建設課５名
127,平成13年3月20日,ちどり,非災,人員輸送,神→多,,,当庁工場３名、警視庁２名、防災科学技術研究所５名、三宅建設課５名
128,平成13年3月23日,つばめ,非災,気象庁,東→（三）→神,8,666,消防庁次長、消防庁係長３名、東大地震研究所２名、気象庁調査、当庁警防課２名
128,平成13年3月23日,つばめ,非災,気象庁,神→東,,,消防庁次長、消防庁係長３名、東大地震研究所２名、気象庁調査、当庁警防課２名
129,平成13年3月27日,ちどり,非災,人員輸送,多→神→阿古→神→三中→神,6,672,都災害対策部長、防災専門員、防災顧問、災対３名、警視庁２名、建設業協会４名、当庁１名
129,平成13年3月27日,ちどり,非災,人員輸送,神→阿古→神→三中→神,7,679,都災害対策部長、防災専門員、防災顧問、災対３名、警視庁２名、建設業協会４名、当庁１名
129,平成13年3月27日,ちどり,非災,人員輸送,神→多,,,都災害対策部長、防災専門員、防災顧問、災対３名、警視庁２名、建設業協会４名、当庁１名
130,平成13年3月30日,かもめ,非災,気象庁,東→（三）→利島→東,2,681,気象庁１名
131,平成13年4月6日,つばめ,非災,気象庁,東→（三）→東,2,683,気象庁２名、当庁２名
132,平成13年4月10日,かもめ,非災,人員輸送,多→神→阿古→神,11,694,設局５名、現地災対１名、ＮＴＴ４名、警視庁１名
132,平成13年4月10日,かもめ,非災,人員輸送,神→阿古→神,,,設局５名、現地災対１名、ＮＴＴ４名、警視庁１名
132,平成13年4月10日,かもめ,非災,人員輸送,神→阿古→神→阿古→神,,,設局５名、現地災対１名、ＮＴＴ４名、警視庁１名
132,平成13年4月10日,かもめ,非災,人員輸送,神→多,,,設局５名、現地災対１名、ＮＴＴ４名、警視庁１名
133,平成13年4月13日,つばめ,非災,気象庁,東→（三）→東,2,696,気象庁２名
134,平成13年4月17日,かもめ,非災,人員輸送,東→神→三中→神→三中→神,10,706,防災科学技術研究所６名、地震研究所２名、三宅支庁２名、警視庁２名、当庁２名
134,平成13年4月17日,かもめ,非災,人員輸送,神→三中→神→三中→神,4,710,防災科学技術研究所６名、地震研究所２名、三宅支庁２名、警視庁２名、当庁２名
134,平成13年4月17日,かもめ,非災,人員輸送,東→（三）→東,,,防災科学技術研究所６名、地震研究所２名、三宅支庁２名、警視庁２名、当庁２名
135,平成13年4月19日,かもめ,非災,調査,東→（三）→神,6,716,消防総監、中林警防参事、伊藤経理課長、野原総務副参事、安田秘書係長
135,平成13年4月19日,かもめ,非災,調査,神→東,,,消防総監、中林警防参事、伊藤経理課長、野原総務副参事、安田秘書係長
136,平成13年4月20日,かもめ,非災,気象庁,東→（三）→東,2,718,気象庁２名
137,平成13年4月24日,かもめ,非災,人員輸送,東→神,13,731,伊吹防災担当大臣（内閣府）１名、災害対策部１名、三宅支庁３名、竹中工務店３名、警視庁２名、当庁３名
137,平成13年4月24日,かもめ,非災,人員輸送,神→三中→神→三中→神,,,伊吹防災担当大臣（内閣府）１名、災害対策部１名、三宅支庁３名、竹中工務店３名、警視庁２名、当庁３名
137,平成13年4月24日,かもめ,非災,人員輸送,神→三中→神→三中→神,,,伊吹防災担当大臣（内閣府）１名、災害対策部１名、三宅支庁３名、竹中工務店３名、警視庁２名、当庁３名
137,平成13年4月24日,かもめ,非災,人員輸送,神→多,,,伊吹防災担当大臣（内閣府）１名、災害対策部１名、三宅支庁３名、竹中工務店３名、警視庁２名、当庁３名
138,平成13年4月27日,かもめ,非災,気象庁,東→（三）→神,2,733,気象庁２名
138,平成13年4月27日,かもめ,非災,気象庁,東→多,,,気象庁２名
139,平成13年5月4日,ちどり,非災,気象庁,多→東→（三）→東→多,2,735,気象庁２名
140,平成13年5月5日,はくちょう,非災,人員輸送,多→三中→東→多,11,746,気象庁長官、内閣府２名、消防庁防災課長補佐青山副知事、都建設局長、都防災専門員、三宅村長都災対部長、三宅支庁長、当庁会田警防副参事計１１名
140,平成13年5月5日,はくちょう,非災,人員輸送,,,,気象庁長官、内閣府２名、消防庁防災課長補佐青山副知事、都建設局長、都防災専門員、三宅村長都災対部長、三宅支庁長、当庁会田警防副参事計１１名
140,平成13年5月5日,はくちょう,非災,人員輸送,,,,気象庁長官、内閣府２名、消防庁防災課長補佐青山副知事、都建設局長、都防災専門員、三宅村長都災対部長、三宅支庁長、当庁会田警防副参事計１１名
141,平成13年5月11日,はくちょう,非災,気象庁,多→東,11,757,気象庁２名、財務局長他２名、総務部災害対策部長、建設局河川部長他４名
141,平成13年5月11日,はくちょう,非災,気象庁,東→三中→（三）→新,,,気象庁２名、財務局長他２名、総務部災害対策部長、建設局河川部長他４名
141,平成13年5月11日,はくちょう,非災,気象庁,新→東→多,,,気象庁２名、財務局長他２名、総務部災害対策部長、建設局河川部長他４名
142,平成13年5月13日,はくちょう,救急,救急,多→東→（三）→神→東→多,2,759,同時２件（三宅島・神津島）患者２付添い２　男５２歳胸部腹部外傷　中等
143,平成13年5月15日,はくちょう,,調査,東→（三）→神,9,768,県議会議長、副議長計９名
144,平成13年5月18日,ちどり,非災,気象庁,多→東→（三）→神,8,776,気象庁２名、当庁指導広報部長、９本部長、警防指揮隊長他１名
144,平成13年5月18日,ちどり,非災,気象庁,神→東→多,,,気象庁２名、当庁指導広報部長、９本部長、警防指揮隊長他１名
145,平成13年5月25日,かもめ,非災,気象庁,東→三中→（三）→神,5,781,気象庁２名、当庁工場３名
145,平成13年5月25日,かもめ,非災,気象庁,神→東,,,気象庁２名、当庁工場３名
146,平成13年6月1日,かもめ,非災,気象庁,東→（三）→東,6,787,気象庁２名、当庁５本部長、指導係長
147,平成13年6月11日,ちどり,非災,調査,東→新,8,795,東京都総務局長、総務局総務課主任、災害対策部長、総務局副参事、知事本部長、知事本部企画調整部長、当庁中村警防部長、脇本指揮隊長計　８名
147,平成13年6月11日,ちどり,非災,調査,新→神,,,東京都総務局長、総務局総務課主任、災害対策部長、総務局副参事、知事本部長、知事本部企画調整部長、当庁中村警防部長、脇本指揮隊長計　８名
147,平成13年6月11日,ちどり,非災,調査,神→三中→神,,,東京都総務局長、総務局総務課主任、災害対策部長、総務局副参事、知事本部長、知事本部企画調整部長、当庁中村警防部長、脇本指揮隊長計　８名
147,平成13年6月11日,ちどり,非災,調査,神→三中→東,,,東京都総務局長、総務局総務課主任、災害対策部長、総務局副参事、知事本部長、知事本部企画調整部長、当庁中村警防部長、脇本指揮隊長計　８名
147,平成13年6月11日,ちどり,非災,調査,東→多,,,東京都総務局長、総務局総務課主任、災害対策部長、総務局副参事、知事本部長、知事本部企画調整部長、当庁中村警防部長、脇本指揮隊長計　８名
148,平成13年6月19日,つばめ,救急,救急,東→広→大島→広→東,2,797,患者１付添１　男５３歳ＣＰＡ　重篤　警視庁ヘリにて大島へ搬送し引き継ぎ
149,平成13年6月28日,つばめ,救急,救急,多→東→三→東,2,799,患者１付添１　男５１歳　胃腸炎　中等症
150,平成13年6月29日,はくちょう,非災,気象庁,新→（三）→東,2,801,気象庁２名
150,平成13年6月29日,はくちょう,非災,気象庁,東→多,,,気象庁２名
151,平成13年7月5日,はくちょう,,人員輸送,多→東→新,13,814,宮内庁職員他１０名、当庁２名計１３名
151,平成13年7月5日,はくちょう,,人員輸送,新→神,,,要人輸送、行幸啓現地調査
151,平成13年7月5日,はくちょう,,人員輸送,神→（三）→東→多,,,要人輸送、行幸啓現地調査
152,平成13年7月6日,つばめ,非災,気象庁,東→阿古小Ｈ→（三）→神,5,819,建設局長、建設局道路監、建設局河川部長気象庁２名当庁３名計５名
152,平成13年7月6日,つばめ,非災,気象庁,神→阿古小Ｈ→東,,,建設局長、建設局道路監、建設局河川部長気象庁２名当庁３名計５名
153,平成13年7月11日,つばめ,非災,待機,東→神,,,三宅島島民一時帰島に伴う神津島での救急待機
153,平成13年7月11日,つばめ,非災,待機,,,,三宅島島民一時帰島に伴う神津島での救急待機
154,平成13年7月13日,つばめ,非災,待機,神→東,,,三宅島島民一時帰島に伴う神津島での救急待機警戒解除機体輸送
155,平成13年7月13日,はくちょう,非災,気象庁,多→東→（三）→東,2,821,気象庁２名気象庁三宅島上空観測
155,平成13年7月13日,はくちょう,非災,気象庁,,,,気象庁２名気象庁三宅島上空観測
156,平成13年7月16日,ひばり,,人員輸送,多→東→新→神,2,823,行幸啓に伴い警視庁航空隊と合同事前訓練を実施当庁航空隊長他計２名
156,平成13年7月16日,ひばり,,人員輸送,神→東,,,行幸啓に伴い警視庁航空隊と合同事前訓練を実施当庁航空隊長他計２名
156,平成13年7月16日,ひばり,,人員輸送,東→多,,,行幸啓に伴い警視庁航空隊と合同事前訓練を実施当庁航空隊長他計２名
157,平成13年7月19日,はくちょう,非災,人員輸送,東→三中→神,7,830,※内閣府の三宅島調査に伴う人員輸送内閣府４名、都災害対策本部３名計７名
157,平成13年7月19日,はくちょう,非災,人員輸送,神→三中→東,,,※内閣府の三宅島調査に伴う人員輸送内閣府４名、都災害対策本部３名計７名
158,平成13年7月19日,ひばり,救急,救急,多→東→三→東→多,2,832,患者１付添１男６６歳脳梗塞中等症
159,平成13年7月20日,ちどり,非災,気象庁,多→東→（三）→東,2,834,気象庁２名気象庁三宅島上空観測
159,平成13年7月20日,ちどり,非災,気象庁,東→多,,,気象庁２名気象庁三宅島上空観測
160,平成13年7月24日,はくちょう,救急,救急,トウシキ→三→東,1,835,患者１男４５歳腹膜炎中等症救命生存訓練途上、トウシキより出場
160,平成13年7月24日,はくちょう,救急,救急,東→多,,,患者１男４５歳腹膜炎中等症救命生存訓練途上、トウシキより出場
161,平成13年7月26日,ひばり,非災,人員輸送,東→新,13,848,宮内庁２名、皇宮警察４名、行政部島しょ振興担当部長都知事秘書部長、都総務局報道課長、都広報課長、当庁警防課倉田副参事当庁航空隊長、航空管理係長（１９：００～１９：２０のみ）計１３名天皇行幸啓天皇行幸啓に伴う要人輸送天皇行幸啓に伴うひばりの予備機天皇行幸啓に伴う救急待機
161,平成13年7月26日,ひばり,非災,人員輸送,新→神,,,宮内庁２名、皇宮警察４名、行政部島しょ振興担当部長都知事秘書部長、都総務局報道課長、都広報課長、当庁警防課倉田副参事当庁航空隊長、航空管理係長（１９：００～１９：２０のみ）計１４名天皇行幸啓天皇行幸啓に伴う要人輸送天皇行幸啓に伴うひばりの予備機天皇行幸啓に伴う救急待機
161,平成13年7月26日,ひばり,非災,人員輸送,神→東,,,宮内庁２名、皇宮警察４名、行政部島しょ振興担当部長都知事秘書部長、都総務局報道課長、都広報課長、当庁警防課倉田副参事当庁航空隊長、航空管理係長（１９：００～１９：２０のみ）計１５名天皇行幸啓天皇行幸啓に伴う要人輸送天皇行幸啓に伴うひばりの予備機天皇行幸啓に伴う救急待機
161,平成13年7月26日,ひばり,非災,人員輸送,東→多,,,宮内庁２名、皇宮警察４名、行政部島しょ振興担当部長都知事秘書部長、都総務局報道課長、都広報課長、当庁警防課倉田副参事当庁航空隊長、航空管理係長（１９：００～１９：２０のみ）計１６名天皇行幸啓天皇行幸啓に伴う要人輸送天皇行幸啓に伴うひばりの予備機天皇行幸啓に伴う救急待機
161,平成13年7月26日,はくちょう,非災,待機,東→新,,,宮内庁２名、皇宮警察４名、行政部島しょ振興担当部長都知事秘書部長、都総務局報道課長、都広報課長、当庁警防課倉田副参事当庁航空隊長、航空管理係長（１９：００～１９：２０のみ）計１７名天皇行幸啓天皇行幸啓に伴う要人輸送天皇行幸啓に伴うひばりの予備機天皇行幸啓に伴う救急待機
161,平成13年7月26日,はくちょう,非災,待機,新→神,,,宮内庁２名、皇宮警察４名、行政部島しょ振興担当部長都知事秘書部長、都総務局報道課長、都広報課長、当庁警防課倉田副参事当庁航空隊長、航空管理係長（１９：００～１９：２０のみ）計１８名天皇行幸啓天皇行幸啓に伴う要人輸送天皇行幸啓に伴うひばりの予備機天皇行幸啓に伴う救急待機
161,平成13年7月26日,はくちょう,非災,待機,神→多,,,宮内庁２名、皇宮警察４名、行政部島しょ振興担当部長都知事秘書部長、都総務局報道課長、都広報課長、当庁警防課倉田副参事当庁航空隊長、航空管理係長（１９：００～１９：２０のみ）計１９名天皇行幸啓天皇行幸啓に伴う要人輸送天皇行幸啓に伴うひばりの予備機天皇行幸啓に伴う救急待機
161,平成13年7月26日,ちどり,非災,待機,多→神,,,宮内庁２名、皇宮警察４名、行政部島しょ振興担当部長都知事秘書部長、都総務局報道課長、都広報課長、当庁警防課倉田副参事当庁航空隊長、航空管理係長（１９：００～１９：２０のみ）計２０名天皇行幸啓天皇行幸啓に伴う要人輸送天皇行幸啓に伴うひばりの予備機天皇行幸啓に伴う救急待機
161,平成13年7月26日,ちどり,非災,待機,神→新,,,宮内庁２名、皇宮警察４名、行政部島しょ振興担当部長都知事秘書部長、都総務局報道課長、都広報課長、当庁警防課倉田副参事当庁航空隊長、航空管理係長（１９：００～１９：２０のみ）計２１名天皇行幸啓天皇行幸啓に伴う要人輸送天皇行幸啓に伴うひばりの予備機天皇行幸啓に伴う救急待機
161,平成13年7月26日,ちどり,非災,待機,新→多,,,宮内庁２名、皇宮警察４名、行政部島しょ振興担当部長都知事秘書部長、都総務局報道課長、都広報課長、当庁警防課倉田副参事当庁航空隊長、航空管理係長（１９：００～１９：２